[1011011111111101111011010000110011010110011100011000010111011110100111011110110000100101011011111011110001101000001110001101101100101011010111111101100111011101]
[0010101111110111101000111111010010011001101010001111011010111010010110001000110011001110111001000111000110010000000000101000100011001111100011100101011101101101]
[0110011110011101001111101101100100100110111101000110001110010100011011101011100111101011001110001011011101010010011011110011110000010101011111101010011101101110]
[1110101000111110010110110001100011101111001100010000010100001001011010100010010001000000111101001100000100101010110011010010001000100100100110111111011101101100]
[0000001011100101000110001010001100000111100111010101000111101111000001100110000111111011001110110011111111010000001111110010011001111001010110111010100110100100]
[1000010110010101010011010110111001010101111111000010111000100011001110100001011001101100011011000011100001111010101001001010100101011100000101110001000100110100]
[0011111101101101101101001011100000010110011101000001010010100110101101001011011001111100110001101010000110011010001010101010100010010010101001011000100010000101]
[1101110100111001100001110001001110011000111001101110001000100110111100110101100001001100010000000001000011101110010101001001000000000100111001110111010100101001]
[0000101101111001100101101000100001100110101110000110111011010011000100100010001100110010111011110100100000100000111100100000010110000110010110110101110011001000]
[0010011110000000001001110100000011010110110010110000110111011000100101110010001101100001000111111010001111001100111100111010001101011011111010010111000110101001]
[0110100111111101110110111000111111110001100000101011101000101010001000101000110101111010000101000010001111111001110000000011111110101001101001000000110000010100]
[1101111001101001001101001111110110010101110010111110010010111001101011100010010011101101011011111111001010000001001010101001110101001010010111101001100101110010]
[0110110011001101111000101001011000100011001000010110000011011111101110000010010110010011011000110101110010101011100100001010010111111011001101111100000101110110]
[0111011101100100100001101110111111011110011000010000000110101001010011100010010000000001110111100000101111001010111000111010010011111110000011000101010101110110]
[1001000110001101010000001010000000001110000110100000011010010011101111000100001000100010001101001001010000100111001010010010110011010100101010001010000000010110]
[1101011001111011101000011100111000000010011010000000110111101000010000011010010000001010111000000100010010100110000101011100010100010000110100011000011110100110]
[0101001111110110001101110111011110111010000110011101110100011110101010011111100001101110101001110001010001110011100010111100001001110110011111110001110010000110]
[1110111001111011000110100110010101011011111001100001100100110110100010010100001011101001000100111100010111110001110011101001110010001000011110110101001101101001]
[0111111001000100101111110000100100011000010001000101000100011010011111111110011010001110011000111101010001110111011000000100111111001011111001010010101110001000]
[1101111101101001100010000100011110111000101111000011010010010111100000101100011110100010111111000110011010100110110100110011111110001011111110000111000011001110]
[0101001001101000101001110101000011011111011110000100110111110001011011101001100010000101101100010000010111111101001101001010001101111100110001111100101010011011]
[0101100111000011110101000110100011101101001110111010111101001110111010001000001010010110101111011011101101000011000010010001000100110111011000000001001001010100]
[0011111101000000010111110011110001001100011001000110111100011001101101000001010110100101011110100000000000111110010000011010000101011010011111111010011111000111]
[1110101000110101000111011011011011001010101110111001010001011000101100011011110011001101000011111011110010010000000011000110110011011111011011110101001110110000]
[1100001101011011000101001010010111111010000001111101001001000100100111000001011000111111100100010111010011100101111100101100100000111110100101001010101001001101]
[1001011010111110000110110110011111101000011100000100101000011010010110010011111010000110011000110101011010101001010001101101111010011101010100010101011000101111]
[0010001101110110110011000101111001001110000010010101001011011110000101110011100000011110000111011001100111001110000111001011100100000011000101011010000110111000]
[0111100001101001100100110010100000100110000000010111101010001000100110001111010101101000010101110010110000110111001011001011001010101001101100011110111100001010]
[1100101010100011011110101010000001101100001001100110100011101111010011000111110010010001000100110110101001100101100011010011100001111101000001000111000111000000]
[1111011011100010011011110101001001111110000011101101010110010100010001100101110111100100000110001010010100010000000101100101000110000111100010000100011000001110]
[1010110011010100010110011011101100101111110001011011101101000001101011001110100001111111001010001110101111011000011111100110100101111011011100011101110110111111]
[1001110110011101101111110010001001001100101011100011011000110010100001010110011011000000111000000010101010011010101000110100111001011000001011101110011011010011]
[1111100100101101110111001001101010110000110100000001100101001000011100010011111010000100100010001000110011101101110000100111100000011000011000111100001110001100]
[0010000010100101100101000110000101111001010000001111100111010110000100001000111000001011000101011110001010100000001010101011111001011101010111110011011011111010]
[0011101000000001111001011010001110010010100100110000111001100001000110101101111100001101110011011101101001100101011101001000001011011111100000010100000001000010]
[0010010111000001111011000001100101100110100110001101101110111000111000111010001000010001011101000011100001000100010100000000010110011111011001100001010100000011]
[0111100001110001100100000110111100001100100000010000111010111011101111100010001101011010110000010011101011101111000100000001010011111111100000000001010101111000]
[0111101100110101010100110100100111010001110001001011101110001001101111111100101000111011000111000100101101010011111000001011000000111000111101110001001001001101]
[1000101011001100111010110001000001101010100000111111101111000011010001000101100101011100011111101000000111000001111001110101001110111001110111100001111101101111]
[0100010110011000010011010101101111010001111110011101110000011000001010111110110100000010111100011100000110111100001011111110111000100010000000000110001010111010]
[1001010111100010100111010101011000011010101101010011110001001111000100000101011111111011110110110110110110000101110111000010111101111000100010000001110011100101]
[1110111011110010001000000000101101100101111000011110110011110000001011110111111010110111011101101101010010000100110100110001110100101001000111011010011000010011]
[0111101011001011011110000110110110110000001000000000100111110010011110111110110101111001111010111101010000101000100000011011101101011101000001101011011111000001]
[0100001110000101001101111101001010000010000111111001010000100111001010001111110100101111100011010101101111001010010000010011000111100000001010011011110001011011]
[1001011011110101011101001011111100011000000111110001011110001010100101101001011001111101101111001100011110110101111011110010010110110110001001111111000011100001]
[0011010100011110110000001010101010111011101000111111111100111000000111101100001011101100010010101110110001111000101100111001110101101100100100101001001110111011]
[0110000100111000110100100100100101001110101000001010010100001000100110100011110000000010110100000100110000101001111100001111000010101010000001101110000111110001]
[1010000110001101110111101101011101001101011010100011111101100101001001010100000011000011011101000110001010000000101101001001001101010010010001001011001011001101]
[1000110110101100100010001110001100001001110001011010011010111010100111001001000101110011110110101011011000100100011110101011111100010100000001010111101111110011]
[0010011001111110111101010111010000111100000000111000100011001101011111001001110101100100001111010111111000011110010010000001011110010111000000011001101010110001]
[0010011100111111101111010111110000001000010010011011001011110010011001001100111100110010110001010111001110110111101100100100101111110011100110110011100111000111]
[1010011110001010110011001101000100100010111000111100100001110101001010010100110110010100011111011010110000011110101110011000001110110000101100111010100110010010]
[1011101110110011100011101000101011001110001101101001101000101011111000111010110011010101010011110001110010111100001110000011110010111000001000010001110111111111]
[1000010000110011110100011010100001001010001001110111001010001000100010101111000001000111111101000000100000101101100000111111011010011000001101101110101011100110]
[1001011111000010001111101101101011011111110001000011110001110001001111110010100010100101100001000000101111101100100101100101011101001100001101101000010001011111]
[1110010111100001011000111001000001000110101101111011111000011001110100001100110110101011111011100010110100001111000111010001110100001000001111100011101101110010]
[0111100000000101011001010011010101011001101010001010111100000011111001101011110110000000001110001111000000111101110000100001110010000000001010011111000101000010]
[0111110111010000010111111010111010011110110001110010101011010001100100010110101000000110011000100101100101001001101101000101111000111010110011000111011001011010]
[1101110000100111110010100010011001011010001101000111101100111000101101111001001000011001110011010010101010000011101001010110110110101101101101000101101001001010]
[0100101110010001100011010111111000110111000110110101011100011100100100110101100000001100101111101110101010101110000111101010001011100000000100101101100000011000]
[0111111101011101111100010010000100000111011011001010101000110110001001100000000001100000111011010010000000000011101010000111101011101111011101011111001101110011]
[1101000101010000101011000100100100101000110111000111111010111101110001001001111101001110011100010111110110010010100010010110011111000010001010011110110000010100]
[0000101101011111111011000110100101000001100100101110011010001100100111110011011011010110010000000011001011100001110000011100100011000110101000111110011101100010]
[0001101111100001110010101110101000011011001001110001111010101111100100000010011110000011011110100011110011001001011110101000010000111000010010111101110000111001]
[1100110000110110000001000001101000110111100110001001110011100100001101011000101111100011111000001010000101000001110110100000100000011010111010001011010101111101]
[0101111011010100101001010000110100101010011111101110010100000000011010101010001100111001010101001010001001110100011000001110100011101001110110101001001110101001]
[1100010111101001011001100100101101110100001010001000110001100000100111110010100011011000010000100001001011000101011100011101110110111101000111010011100100001011]
[0011011001111111111110010100100110011101001001110100101110101011110000100000111111100100010101111111101010001001000000010010110110111010111001111100101111100100]
[0100111000010010101111111011011010110010001000101111011011100111110000011011100110101010000010101101110110101000100101100011001111110110100100011000110000001011]
[1111101011011000000001011000000010010100110111000010110000000100011010100001001100110110111100000110000100110100111101001010111100110111001010010111010100000000]
[1111111111000110101101010111111110100000100101100111110100111000111110011100110100000101010001100001001110100100111010110001100101000111111000001101101111010000]
[1001001100010000100101100110110011110000000001100111010010100010100010010001110000110110111010010111100000011010110100010010110001001011000111000011001010000110]
[0111011110001001101011111111000100011010100111100100001110010011111101011111111111101110000110001100001000101010101001110000010110011101010000101010011101010011]
[0111010001011101111011010101110001110111010011100101111111110100101100001101110100011010010011000110111110100110101110001111110101010011000110011110110101011011]
[1110101011101010010001011010001111111010111101010010100111011011001101110101011111110010110111000001111101111111001100100110000010001110001100111111010001001010]
[0001100111001010000000101111110100010100001100000010110011110110000010010010100101100110100101001011001011000001001111100100010000001010101100110011111111111011]
[0101011110100110000000000101011001100010101101101001111100110100110100011110100110111011100110111100000111011010001110001100010110010110001111101001001000100010]
[1000001100010000101000111110001101011011111001111010101111100110111110111111011000111001100100110101010110010101111111010100101111010101100101110001000110000011]
[1011011011000011000010011010110010100001110011010001010011111101011001110000101000110000101011000110000000101100110101100101001001110000000001111011111110101101]
[0001010011010111000011101001001100000101101111100111111110001110101110100001100011100110110100101111001010111000100001011101100100111001100111101010011100111101]
[0100101001100111011011101100000011100001111110100000000010111101001011111011001011110101001111001001001001001100010010101100001110011111101001001100101001100111]
[0001111110110010110010011010110001100101011101000101000010011000000111001001010011110011100100000110011000100001101001100001010000011000011111001110011000010101]
[1110110100111111010101000010111001001011101110101011111101111000101111111001111111100100110010000000111101100011010001101110101001111010000110101111000101011000]
[1001100011000111100111101111100001001000101101101111100010110101010111100111100110110011000001001010001010001100110000000111100001100001110001100001011111110101]
[1101001011000101010010100100111001110011101001110011010000101011010110111100011000001010110100111000100100100010100111100011001110011111001110010101000100001001]
[0101010111110000101100111010010100010011000001000011101100010000000000001110101011011000000000111110101010100101101010010111010101110100110110001000100111001101]
[0111001001111110110101110111100011001111000110011100101011101000000100110000000101000000100100010100000011000001110100111001011110100000001000100011000010001100]
[0010100010111000101111111110000110001110010111101001001111111100101110010000010000100101011000010111101110000001110111011001110101000111000000111011110110011011]
[0001000111100110010101001000000101100101100001000110011001011001011110100101001000000110010011010011100010100111101000101001100110010001010111001011010011101110]
[0000010001000001011101000100110100110010001011111100000110011111001110011010001001010000100100001100011100001001001001111001111100010111010101101011110111011010]
[0101011001001011010101000011000100111100101110101011110010001100010011101101000000000010001000010001011010111000101110011010100111100001000110000101100011001011]
[1101101000101110111011001001111110010011100110110111011001101101110001010110100001011101111010110100011101011011001001100001001010000101100110010111110001001011]
[1001111001010101010100011010010011000111001111000011000111010110101001101100111100001111100101111111110110100101111111101110011110010000000000001101101100000011]
[0011010000010000010011111000000001101100101001100101111100010010000010010001101110111101110111110100011111101111100011000111111011110011001111110100110101100011]
[0100001011111110000010000110011111000100001011010011111100011100010011011010010110001101010001001000010110010111010111000010011010001010100110000111100110000111]
[0000011011011010110111110100100111111000100011001101111111100010010110110010100101110011100010011010011100101000010101101010010011110010101110001011010110010010]
[0010011111011001101011111111000100011111111001010110001111011100110100000101101110110110001100000001011110011110110000010001010011101111101000001100011000100111]
[1100011001101000000100010100100000001111001000110011011011100111111111111100010110111100110010011101110001110111011111111001111100110101110001110110100001000101]
[1110110101010001101001111111011110000011001001011110111100001101100111100100010011011000000010101111101101111011001101111001001000000001010100101100000100010100]
[1110111011101001000100010111010000100101011111101010001011110101010010001001001010001101001100101011100101001110111111010101110011110001110000110110110011001001]
[0011001000011000001010001011011110001101001100111011111000001101101100100101010011011001010110010110100100001110001010111110001010100111101011010000001001010000]
[0001010110011100110000010010011111001100101001100111011111001110111111010010001101101110101001001100011100110111011100111101101111001010110000010001111000100101]
[1011110101011001010000011001110000001110101110111110101000100000000000011110011101001111010011011010000100110100111111010011000010110101100001011101111000101111]
[0100110001100111101011001000100110010111110010001000011100100110111100010000110100111011100001000011110111011111100111000110111010110010011010110011000000011111]
[0011101011010111110011011001010011111010110111111100101011010011101010111111110010111110111010110000100000011010100101111100010001101000010011100001011010101100]
[1100100110001100000011101100101000001101001011100111010111000111111110110100111110000101010101010111011010011000010110110110110110001010101000010110000011100011]
[1110110101001010001001110101111111011001111011011001001110101001001110010110100111000000100101101101001000101011010001011100111100101101100011011110100001011001]
[1011111110111110111011001010000100010101100101100101101111001100001000001010110100100111100011110101100011001001000010101001100111101000100011001000010111000001]
[1110111101010111110110111011000001101001110100010011101010001111100101100011010110111000100110111111111000110001111111001010000011110111000110110000010111101001]
[1001010101101110111001011110100010010000011111011011100011100011111010100100110101111111101101010000101000101111100100101011011000110011010101111110101010111110]
[0010001010110110011110010001111011110100010000111010111111001110110110111010000101011011000001111111001001110100011101000101000011001110100010110010111101010011]
[1111011100011011010101011101111111101001110011011011001001001011010001001110001110000110011111000000001110000100011111000110101010010110010001011011010110111001]
[1100011110011100101011100011110001110011011010110011110110100010100010001010001010000110001010100000111000111011001011010110101011010111010000111100011001100011]
[0110000110111111011011111101000001001000000000111000101001110101001011100101000100100001111001001100101010111001101011111011000110110100011101101111001100110010]
[0001100110110010000001011000000010110101111101100111011110000011101100110101111100110011001011000001000110111110110110000000111110100011011000100111100000000011]
[1110110100010101111010100101001101111110111010111100011100100011111001010000110111111100010010110010111100000000011010011111110011110011000010111110110110001001]
[0101110101000011111101001111110000010110001100101101001011000111000100100001100001000010010000000101111111000010001100011110101100000100011101001001100101001111]
[1011010111110001010100000011101010000000001011110001110111110101110010111110001110010100010001000100110100100100000010101001001010010011001100001010110101100111]
[0101110111001100001101100111110111110000100101101100010001100010010100110110101100010000110001011110010011010010001111010111110101011010110111110100001001000110]
[0110000011000110011010000001001001111000111000100000101110100011000101001010001000100011011111100111101110101001011001000111100101110000111010000010101101110100]
[1110100000110101101101110001101100010001111000110000111001010001111011111000111000010010100011000111000001100011001101001010010110001100001100000100111011000001]
[1101111111111000111101011011000000011011100100101010001010011000011001101000100111010000010100010011100101100110110100101100100110111010110100100110011100001110]
[0111100010100011111111110010000011010111100011011100000011000101001010010011111010100010011111011011000101000110110111011010011110110010001110011001000011001110]
[0000010111100010110101001011110101011010110011000111010011111000110001010101111110010110100100001110111001111010011111010110101110100111001001010110011011101110]
[0110110101011010001100001111010000111010010110111101000001101111011001011001110011011111001111000101001100001100011110010011011011000101011000011010010000101001]
[1011111111001110011100111100110000111101110100001111000010110111111101110111011111010011000000100110111100000111010000111110101100000001000001101001000111101011]
[1101011000001100101110000111111101001111100100010110000000001110010010010010010100011111011011100100101111000010111110010000100111011000011100000010010001000110]
[1001100110110111010111111111010010100110111100111101101100000111000110010101010000111101111000000100011101011000110110101010001100011000000110001011101100110011]
[1001001001101011100100111000110101111001100101101000011010010011101100100101001100110111001110000011100010100100001001100011001000001110110111011001000111101110]
[0111010011011101111100001011111010101001000011001110111000100101100111000000010011001101111101000101010010101000010100100011001110011101101110001110011010100011]
[0011111100000100001011101101001100110111110100100000011100110110110010001000101011000000011010000010100111011001110110111100101111111000100000111010010001011000]
[1001000101101111010001100010110001000100011111000001001000110100100010101110100111100100010010011111011001101011000011010011111011111001111000100011011110100110]
[1000000010010100100000100000010100111110111010001110110000010100101000010101001101110110000001111100101110100101001100010011001010000010000000010101101010010010]
[1000111100001110100101101000001110110011001110110101001000101110001001110010100111011010011111001000111011100111100111111001000011011111001000001111110011011101]
[1100001011011010000001101100001000000011010101001000011011110111100010101000111010001111111101001111100111000001110110111111010000100010000001000001110110110001]
[1110111100011010010101111011011000100110001100000111011000101100110001001000101010111111010101001100100101110110100011000101011000100000000001111001000010110101]
[0111011010100101100001000001010010011010110000110001010111000011010001010100101110000001001101100001000101101010001100101010101110010000110001101010100100010010]
[0111010011110110000000010110011110101111001111011111000011001001000100001001100110011100000000010000111101101010110010110000110110111000101101001001011101011001]
[1010010101011001100001110100011100011000010010100000100101101011111001101111111111100010011001100111001100100101100011001001000101101011001101000000001111111011]
[1011110110100000011000000101110011100110001101110010100010101010000110100001010000110010010011110000100101110110110001010101010101101001101011110010100010111110]
[0100101110001001000110101100010110101010010100010010111000111000111001000000100010001001010111101101111010000100101100110101111011100110110010010101101011001110]
[1111000010010101010111001101111001010001101110110100110011000010010010100010111100000001001000001101001110101000000100101110100000000110100100011001010110000000]
[0000010000000111001011100011111000001000101000100100110100100011010110100010101111110101110111100101000010000101000110100111100111001111000010001111111110110011]
[1001011010010111001110000101001101111110010110101111000001100100111010101011110001100100101001001110110110100111110101110011101101110100100110101101000101101100]
[1111000100110101110000000101110100000010011111101100101000110110100100111101110010001001001010111101011100011011000010011001101010110111010011100011010000001000]
[1100101010000011011001100110010001010011001101111101100000111110011110000100001000100110111111011011110111000110010100111110110010100110100100000111101110000001]
[1110011010001000011011000100011100101110000111110111111100100000110101100010111110010111000111001010101111000000000100010101000110011100100100001010110010001011]
[0010101110101111010011011110011111010110100000111011110001000110010010100001011110001101010100110101001001000111001111100100101110010001110101011000011010001000]
[1100101010110100100111010101001110110010000101101101111110111101100000110100011111100100110000011110100010011011011100111000011111111001000011000001110111101000]
[0111000000110110011000111000000011000111100011111001011010000011101111011000110110000101000100010101110100000101110100101101001110110101100010100010010011001100]
[1110011111000001110000011111001111101011101100001001000101101001110010101100001001101010010101101010110100011101001110101100101011111110001001011100010010001100]
[0100111110000100110101100110100100010001110111011001010011001111000010111001011101100111010010000010110010000110110100001110011111000011010100110110111110010100]
[1011000001110101000011000011011110011000011111011101010101111001000001011110110101000111001110010110101110010110011010110001010000101101000010011110000110001110]
[0011011011100000011010010101000111110001000011111111111100000001100101111001001100101101101001111001001101111011101101110011111000010111110110111101000011101001]
[1001100101101111101101001100100011001010001001001110001101010101110100000001010010101001010101100001111010111101010001011100011100010010010011000011110011100011]
[1000000011100111011110110010001101001000111100000000101110001011111111001100000001011010010110000110110000000001001001110010111010101001011110000110010101011110]
[1111100100111001111000111001101000000110010011100100100010101001000001111001100010000000010111110111100000100011001001000101000000100010110010011111101011110111]
[0101110001001111101001010010010010001011101101001111111001010010101001011111110110011110110011101010111110010000010010100010000111111110010100010110110111011101]
[1000001001101100001101000000111100001101001100000001110000001011100101011011001101111100101000111101001101101010111001110101111110100011110011100011000110101110]
[0000101100100101000001011111010001111111000000001000000100000111111000001010001011110011000001101010101001000001011111010011101001110110111010000101010110000010]
