[01110010010011010110011111110111001010011110010110111001000110100101011000011001100010101011110100000011010000000111010100000000000010000101110111111001001100111100100011011011111001010000001001001100001110000000101101010111001011011001111101000011111001001000001011000111000010111100101001001100101101110011001011000110100001000100010000111101011001011100100000011110110000000101000111100010110011000000010100000100111001000100111111111110100000111000010110001111001001111010010011100101101000111011001111111010]
[11011110101101011101100001011010110011110110001010001100101101011001101001101011011101001111000000010100000010010000000110000010010111101110100010111100111000101001111000110000110110001111100100111100101000001000010101010111011111001100100101101001100010100000101111011000010100111011101001000011100000010011111011000010001111110100111011010101100110110011100110000011110101110100110000111011010010101010001010101101010010100111011010100000011011101110001100111101011101111010101110000011111101000010011110100001]
[11000100000011110100111001000000111100111001110000101001011011110111110101111011100000000101011011110111001010011110101111100000011111110011111101011110100010100000010100000101100110000101100011100101001100110110011110011110110000001110101001100110110111111001011100010001101110101001011000110001110100111001011101000011010011000101011101101001000010111110001101111001000100111001000101100101111011111100100111110010110011000101111011011001011001001110010111110011001110000000100000000011010111000011110111011010]
[01110010100111111101101000000011011101001100001011100110110110011100101101010011100110000000100100110011011011011101111111011111100100000010000101110100010001111101110111110110011011001101101101110010111101000000110110000000001001101100000000000001101101011001000100101101000001000111001000110010100011101010101000100000000110111111101111010010011001000100000011110100110100101100101100001111000011110111111111100000001010001010100110110111000011010000000111011000011011110110110010111011001111000010001100111111]
[10010110110110001010101001001000001111110010010001001001100000010000101111011010111010100001110000011010110000110001100011000101111010011000110000101111101110101100011110101110111101010011011001001001111101110000000011110010010111101011100010100001101000100001111001000111010111101011001100010011000001011100101010000011001111000100001101111111010000001001111001011110100110111111101111100000111111101100001111111101101100110011011111111001011010111011000101000000111000000110011000001011100101100111011101011011]
[00010011010101110000000001011100101010011010111101010100011011000001110000001011111101010010011011011000001101110101100111100100000011011011011000000000110010101000010001000011110100111011111100001111100110100001110011110101111001010010001011000001110000010010011010001101000101111111111000101011111001010000111111001110011111111010000011110010001101001001111111011001010101101100011000100000000101100111011001101110010001101110101001100011100101000110101000010110101101000110110010010111101110010001011000100011]
[10000011001011100000101110001011010101000010111011110010011100111110110001011111010101100110011100010111010001110001000110110010001111011110001000001001010101001110001001101000111101011111100111000011111110100101010101100111101101111000001111011010001110111110010110011110001100110111010111111010110101010101111001010110001000001010110101110011000001111110100110010100100011111011011111111111010100001110001000011101111000100001011110001100010000011001110101010100000000000011000001111101010001110110010101110101]
[01101111111111101001011000010111101110010001000000011010110111100001111010001101100000000011000011101010110110110111110000100111101111010010010110001000010101001001101110100001000110111000101001010111111100110110011011100001010000000010111110001001001000101101111101010100111101110011100000110110011110011100100110101011010010000111110100011000001100111001110111100101011110101011101001000000101110010010101100101101111111001010100101000010010101111000011010101011110110101000101011001011100001100111000111010010]
[10001000000011001111100010000100110111000010011011100010010110010010000010000100010010010000110100011101111001011010111100111001101101110110110001000000010100100101100100010100000111001100000111101101011111110100100111111000000000101001110010000101101111001111010010101010100010101111100001000111100001111110010101000100100100001110101001001010011001110001011000100011101011100011101011011001011011001010000000100000001011001110000000011110001000110101011010000110110000010101000100100010111000100111100010110100]
[11101011110100011001001101000010001110011100011100011101111011011111000011111000001111101110110011111111011011101001110110010100101111001011010101100110000000101001110111101010100111001111100001000010001100100101110011100010101101000110001110111010000110101110100111111000100001011100001011011111011110111101111111001010111000001100010100010101111100010001011000011101110011101101000010111010000000010111101101010010010010010101101010110010111000000101001001000011100101010001000110100100001010000100010100010001]
[10100101000110110001001001111101100001010100100110100100101100001100100111110000011011110010101110111111100000010011011011100101100100011101000100010101001001111011101011101100100001111000101110101111100001011110101000001010011111011100100011100000000010010001100111010100011100000010010001111110110110000010011110101011100101000100000001010010001001010101110011011110100011100010011100010001010111111001111101101000110110011000100001000110101100001000000110100101111011101001001111000000001010101100011110101000]
[11111100110011100110011100000110001101010011100110011100011110010101011101001011000110110000010011011011000101110100011100001111001100010000110000011011101010001010100100000101000111011000000010111101110010110101011010101111101111000011010001110000010111101001100101011001011000001100101010100011100111011000100000000000110100101110110010001101101011010101100110111101000001111110110100011100011010100100011110010010110100110001100100110011110011111010101000100000100111110001010100110100101010011110010010011110]
[00110111010111011011110100011001000101110000000111100100010001001000011110011101111000101010010010010111010000001011111001101111010110001110111100001001010000100011010100100111110010011100110001010110000000100011101101100011010000001100111101110100011000101100110010101111110100011110011111111010110111011101111010011110000001111011001010011011010010001111110101000100010010010011111100110011000100001000000110010010110101010011101100011100110001001101111101110110110111110011011100100111100010001110010011100101]
[10111010001111101000101110000111110011111110110111110100010010101111101100001001100010001110111011011000110110111011110001101010111000000111011111100100010110100101011000111001010100010100011000011000001000101101001001111001011001011001110110000100011000100111010010110110110001111000011100011111101111110001100001010010100010111000100101000110101111110101001000110001010110100001110011010101011110100110111100011110010010011001110000010000100111101100111011001010001100101111010010000100001110100100110110001010]
[10010101000011111001111010111000001001010111100110000011110001111011010111111100011100011111011000000101011111100111001011100100010011010100000110001101000110100110111101010000010000111110111001000100101001111001111111110001000110101110001110101000001000101100010111010010101111110010011000101001101001100001111110001011111001100011000101111101010010011100011010001000101010101010111101010010010000000111011110110101001011010011100001001111000011111000001001101001101011000010000011001101100101110001101111111101]
[00010110010100001101001011110101111101110110001010101111010011101101000111011010010010011000001000011001101001010010111110010000010010001011010011010110111111111001000010010001000010111101001101000100100110000111001001000010100011111001001111101111110110000011001000001010111101110001010111100001010010110010100000010101101101011101011111101101010001010100000000111011101111011011001111001110011011100011000011010111110110001100111001111101101110101111100110000011001111011001011011100100001000011100011101100001]
[10000110100101001110110101000011100101000011100101000000100000100011000010011001011110010001011010101111000110000000011000010101010100110001100111000011110100100000111000011100011010010101110111010111010011100101000010110000011101000011100110111000101100001001101100001000001010010110001100001111101011010111011001100111100101010111010000011100100000100101000000001101111011110100000010101011010000111110110110011010010010010100010101101111111000011101101010000001110010010011011001010111011111011010011111111000]
[10110100101101101110000110101010110000111111010100010010001101110001101100011101011111011010000101100001101110100100110101000000110110110100101110101110011100001000011010001001011111001101000000100000110001101011111001100000100101101010001110011100101011111010111011010110100111011101111000111110100101100100010100010110100101101000001010110000111101111100000000001011010101101111111001010101111101011101101010100001010001111101001001100101010001111100011111000001000000011101110001001010111000111010100010110001]
[10000011101100001001100101111100101100000110111100010110100010111011011000000111111111110110001100011100000100011110110101111001000110100110111010110000111001101001111100110101001001001100110111000011001101010111011111001000010101001011011100100010101010101000110111100001001010110011100010000100000100100111000111000011101101011001010110001101111010100110011111101011001111100111001101110101010001100100001100010100101000010111111111010001100111001010100010111100101001111100101100000111110110101101010010110111]
[11010001100101010001110000000001011011100010111101101000011000000101101110001001101110001000101000011001111101101100100101011101000000000111001010011111010101001110010000110001001000111100110100011011111110111010100100101010111100000101011011010010001010101111001010001010111110110000010000000001111010100110010011100000101001010001101000011100110111010000000000010100110010010001001000000001011110110011101111000111111101101000011001010100011010111001011000011111000111101101010001101110101010010000100111110100]
[10110010001001001011110010111000110000111101011000100010100000011001101011100110011100001001101010010011111110001011001110110000111001111011101001100000010100101110000000111111111001100101100010111110111110010001100100010010101101100111001011100000000000011001101101110010110010011101000101110011111010100001110110101110001001111011110101101100110101111111010010000111100111110001110001001101000011100010000111111101011010111100011110110110100001010011100101010110010011000000001010011010100010000100110011001111]
[10101001010010100100110011101100111011001010101111011011100010001110001010001001001010010011100001111010010011001101100110110010100111011011111000111100111110000100001110111111011110001010100011011011111101011011101011100011011110101111101010000111101000000111001000110001111011111111010100000011001111101110101000111110101101100000000101101011101100111011111001110110000101111101110011111011011111101001111111101111110010100011100010000110110000101000100000111101110000110100100101100100001111100001111101000011]
[01011100011010111000011010100100011011101010111100101100100011110110110110110011101111000000101111000101111010101110111000100110101001111100101111011000110001000001010110011011011000101011001000110010001111110110010010011001001111000100110101001001010010000111111001011101011111111000111001100000010101111111101010011001001001001011100000100001100111011101110100110110101110101100000001100101110011001001000111100101110010000001110111100011110010001100000001001010111110001111010011101110010100110110100101100000]
[00100101111101100011101001011010100101000010111010010010011010100011100100101001011010010101001011111000011001000011001111011100000011110101100011011000011011110101111100111010100111010111100010110110001101101011110111011110011011111101001000001011001110000101100011010110001010110001010010000010111011100001111011100110001101011110000101100111011111001101001011000100110001010000101011100001010101011100101110111110110000011011110010100100001011101101010110011000100101011110001010110001001000101100010011110010]
[01011011001011110100100001101000010001111111111010101101100100010010010010101100011000000011111001110111101111111111001111001011100110110010100001011100111110000010010111100001001010110111010000111111011110010110011011110011011010001111100101111101001111111010100100110010011011100000010111110000100100111001010000100010100101111111111101000110111010110111111011010010100100001011111011010101010010010000100101000000010010001010010011001110010101110100000000100001001010101010100011010100010100110100110100001010]
[11100110100111100011000000011001101110000111111001000101111000011110111111110000110111110100110000001001001010010010100010100000010001010000111010011001100001000011000000011110100001010101011000001001001100010111101110011001110011010101011101100111001001010001011010101100011111000001001011111110000011110010111100000100110010011000001111110000111101011000011100111111010000100101100100100101111100011111110001110011000101110100101010011110111000110110101100010011000111000010111010100111100111010001010010001001]
[10101111010111100111000101011000111000000111101101101100000011100010010110011111000111001110001111011110100110110100111100000010001110110110101011000110110100010101001010101010011111010001011110111100010100100111010001101001111110101001010011101101011001010100101101000100100101101110110011111010001110001110000011101100101000000100010001100010111111100000110110000101111110111111000110010110100000000000101011000011111010111011110110001110010100010110000111110101010111000100110000000010011001100101101000001111]
[00001100100110000110001101100000011100011110101011101011110110001010001100011011100000001001010010011101000110000000110010010000110101100001010101010000111010011101001001000100100000010100101011111011100110010010010110010001000110011010001101000001111100000011001100000011000010111100111000111111111011110001001000010001001001000111111000010011111110111101001001111111010000000100001101110100100111001000100110010100011000000011101110101011111111010111100001010101011111010111100000110010110011100100011110101001]
[10100100100101100100100101110110000101110000000101101101010101000111011100101101110010001111101110110001000101000110000110011111000101101010101010110011110011111100001011110111110000101111110110010010010110111100011011100100100111010111101000100101010010000001001100000100010010001001000011100011011010011100111010101100111110010111100110001101000000011101111110110100101101010100001000000010010100010110111110001010100100100101001001000011000111101111011000010101011000000010110011101110111101010101110100001100]
[01000100001110101101110110000110010000010101100010101001100100000100110101100111011110101111011101100000010000000111000000110110010000001110010111011000101101000011100100000100111110101010101100111011111100010001111110011100101101001101001001000010110110000000100111111110001100101010001010001010101101001100110000011101001110101000100000110010010001001001010001010111111011101110010110111101000000011110111010110110111011110001110010101110110111001100100000101000110111001110011100111010010110111001100101010101]
[01110100011011110101011000110001111111010011000011001111100111100011011100110001111000001000111001000101001001100110101110001000010000000111100100101101101011100000100110111111011001110100011101001100001100010000101100100100010001101110100110011110101111010000000001010100001101100000110111110010001000000101011111001001000011000011110111010101010101111010001010011000100100000001000000000001000110101011000011111100001010011000110011011111000011010001000010010010111000011110101000101010101110111010000101100010]
[00011000010110111010111110111111010011111011011000101111010000100000001110010000100100100000111100001011101110001101100110100110110001011000111101101000110100001101011001111010000011000101010100111010111011110101100000101101111101110011010110011011010110100010001000111011101100010111001111101111001110001101000100000101110110110000100010011110010001100011110011110011100100110010111111001010001011001101101101101010101000001100101100001101100110011001010100001100001100111101101100111011011010010001001010101011]
[00010010000000001011100000111000100010110001011010011010010100100110111001110001001010101001100100001110000101111010011100111101010101101110101110001000101000111010110111011110000110001110011100010010110000110111101101100011110111010100001110111111011111101010111000001100001111101010001111100101110010100000110100000011111101110101100011111100011010100000011000010110110001000001101100000100001111000100000100001111110111011010111110111011101111001000010101010010111111110011011001111110100110110010101111011011]
[11010010000100100100110010011000100111001011010010100111000000000101101100101011010111001101011101000100001101110011011110010110100110101101110000111010010011100111000010100100011101101100001011111001100001100000010101010001111010110010100101011100010001010101111110111101011000110110011110101011100110001000010100010010110111010111011001001011000000110001101010010011110001100011101110010000010011010101010111111111011011100111100011001111011001110011001000110010101011110111100011100010000111000110100000000101]
[01101111000101101011011101111010110010010010010110110101010000111101000001011000010101111010110000111100110100000100010010100100001000011010111011111111111011010000101011011010101100110110001000010011010101000011011100110011010100110101111011111000010110110011010001110011100011011000111001111110110011101010111100111101110101010110001010110110101010111000101010111010011001011010101011000110100001101111111101101000101011101010101010011100111110010111001000010111101001110001010000010111001011011001111001011010]
[00011010110111011010100010111010110101111011110111001110100001101100101011000001101010011011110011110101010010001111011111110101111101011110100010011101001110110010111011010100000011001111100100000010010000110011110111110010000110100111000010101010010011000101010110111001001000010011110111110010101110000111001110011000110000010111000111111000011110001000101001100101010001010100001101010110101000110101100010110110001010101010000000111000010000000000010000000100101101100101011000000101000101110101001101000010]
[01000100110111010100011111101111011110000000100011011100011110110000111000000011110110001000000100101001100110110110011010100011110100111101101000100010100011100010000001001111000101110101001111000110000000011001100001111000001100011100101110011100000110111001010100101101100110100010000100100000101011100100000011100101010101110101001111000011110011100001001000111011101000110111110010000101110001010001100101110100110100100001100100001100100101010101000011000111011101100010011000000001110010111000100110100111]
[01110001110101010110001011100010001011000001000011010111011000110010001101001111110001101001101111011010011011101100000010110000110010010001001011111101101011111010101001100100101010101111101100000100000110011101100010101100101001010101010110101110110011101011111010011101011000110011010011100110110011010001100001110101111101010011010001111000010010001001000001110001011110101111000011011101111100010100010011010110101110110011110111110100110101111111100111011110100010100100100101100110110111110001010110000110]
[11111110011101101001010010001101000110100110011001011000100101101011111001000100100011011100100010110101110101000100000100101100100101101100101100011001010011011000000001000001011100011110110010011100000001011100110011100001011111100101011101000111111010110101111111111001010111100001100111001011001010111011000100011111100001000110001000010100100011001111110001110100101011011011110010100011011110100000110000000100110101110110001000111101110010011110101100101001010110100111100111100110011111011011110010110100]
[00111100011101111010010010001011001110100000110100100001101101100000001100100000001111101111101100101000100100001000111110010000101110000000010110100000101110001100001001001100110011100011001001111001101011101010010110000101101000110011000111001000111001001111010101001001101100001011100111000000110001110000101101101111111011101110111010101000011110111101111101110010001111110100001101101111001110100010110111001001111011010101100000101100001001100110001111000001100011100011101101111101011101111110011101111111]
[00001101011000011101110101100010011111100001000101011101101011111011100000111011111100000100011010001001011110101000101000101101110110011001100000000111001111101101011111100010010100110110011111011110011000010110101011011011111001010000100010001010001101111100010110110010100110101111011101100011011101011111010001110100111101011011010011100110101000011110011001011001011000101000000011010000000010000001100011110100001000110011100011011100010011010001110100011000011011000000110101000000001101111011000101111000]
[10011011111000010100011110010011000111001111001100110101010101100010100011111111011000110000001001010010111011111100000100010110001101111111010000111101001010101001010010101111011011110010010010100110000010111011110111111000001100000101110010110111110110110011001010110111100010110011011101010100111110010110111100010111100110010011010101001111100010101000110011000110110000001001010111110010011110000001000100100011010000111101101111111000100110010001011001101111111001010110000100111101010000000111010111011001]
[01111001100001101101111000111001100100100110000110010011110100000110101011111001011010000100100010100110110101111111111110001000011010001011011101001001001000100001101110011011110100111001010000010011011110000111011101010011001011000010111010101100000111001101010011111000110100101000110101011101101011111111111011010101010111110111001010100011111110000000001001101010011110000001011000001101101010101101001010110001101001110010101001010101100100111101011000110011001000101010111101011100000111010101111010101110]
[01000100000100000100111101000001111010011010001000010000011111010110010011010101101100011101010010101010000100110110101111110100100101101110001000101110111000110110010001101110110010110010010111101111001101000001000000110001100100110111100011000010010110000110000110100010000011001001000100011010001001111000011000100100010000100111100010000011110000101101110001110000010111001011001000110101100101000110111100010011111100100000000101000010010111000010110011110111100011011001101100010011000111011010010011101001]
[11110111010010001111100001110001101001111010001001011001101111101110110101100110111001101011001101100001111001000000110001011000011001000001111011101101100100111001101111000100100001011100111010111011001000001100011110000000001110001000001001110100001111001011000110110100101111000010100101010110001110111101111010010000110100100110011100000110000111111101101001110010100000111100010010010101100010111010100011100011000000000001001000000101001101100011100110101100010100000101000110000100101010111001100100111101]
[10000000101000001100001001011111111000010100000011111110011110010001110110100111001111101000100100000111010011110010001010001010101011001010000011110011001000100101110110110110011010101101010000100011011001100010000100101010110000111111101011101001100011011100111101101001010001100110110111111000001111000100101100010110100000000101000011011010000100010011010111100101111000000011011100001000011000110001110101101110001101011001100111001001110100000101000100010000000111010100010111111001110001100110101101000110]
[01101001101000001001000110000000100101011110100101111001001111000001101010000110111000110011111010100111000010100101011011000011011111110111110110111011000000001100010111110101011010100010010000110010011000100000101011010100011110100011010010011101101100101010011000100100110101001100110010010110001100000001101011111111111001011001110101010110011000000111100111110010101010010010000001001110000000100010010100110110011111110010111010001000100000100001101010100000100001011000110011000010000100101000100101100010]
[10111110100100011010000000111000100000011010000111111110001000101110100010100100110100110111011011011100001111001000001011110011111000011101110111011011001010101011000001101010100101010111010000111110111000110001100100101111111111101010001011100010010001100010110000111000101110000111010010101001011100010100110000001101011110001110101000001011110100010111101001011010111010011100001001011111010000100100110010011010110100011101011000110111100011100101010100000010101110001110110101100011000010011100001101111101]
[11010100000100000000011111110001000110110001011001010111001000100001000100101000010110101110011101001111100011001110110101101111000110010110101000001011101001100110110000111011110001010100010010010001001001101111101101011011101100110100000001011001100111001001101010010011111010011011110111010111100110000010001100010001111101101000010110001100110010001100001111010101101111011100000101010110100100000110101110001001010000111110010110011101101011001110000100000010111101010010011000011010101010011100101111010110]
[11000010000011111101101011101111110100101000100010000110001101111100001100011110001000000101010001011010010101010100100010101000111011010011011100000110001001000010110110101000100111110001011110001000101000110000110011010010101001001101001000011011001000000000101110011011001100011001000000101100100100011011011010001011110100010100011001010001110001100001111111011011000110010011010011011010001111001110011101001111010100101000001110111101110101111000100111100101011101100001110010101001011001000110001100110001]
[01110100101101011010001100001011111011101101101000001100100111011000010010001011101000010110110001000100010001110100100101010101000000010111100011000111001100110111001001001010011000001011000111001000110110101100110101111101111100110010001111111001001101000011101101111110100000101000000100110111010100110100000111111001100000001000001111001011101111011010101010000001101010100000011011100001111111010110101110110000000010001000001100010010110100101111110110000100101111101000001100100011000111111101100001110001]
[10100001101000111100011110110100000110001100110100111100101111110010010100011000101100110010011111011110111111000111100100111011011000011110101111100101000110001111111001101111000100000101111001000001100001011101101101110010010100010100101011010001010100000100101111101110110110110001000111001000001000110010101100100001011101110001110101010110101111110110111111100110011001011111000011001000111100000001000001111110000011011011101101111011100000110101000000110000000110101011000110111001110001111011001001111000]
[11111011001110011001100110110010101100110110001001101000000001111011110110101000100111101000000000110110110101010110001001001001111001110111100011000110011100101111101010000111011110011000010011110110000011000111011100001101101101111100010001111101100010110000111010110000111110100011001010100100111010111011001101111001101110011011011001011110100001010010001010000001111011010101101100001010000010101101000100111001010100101010111011110011011001100000011011101000011010101011101000101011110011000111011111010000]
[00111110000111110000100101011100001011000000101001110010001100110000110101100001000000111111100101010010100101110010100000011010000110010010000000110111110001000001100101111010010010011110010111111110000111100001001011001111000010100011000000100101001110001101111101110000100100000101111010111010000111011101010101000100100100010111110011101101100011010110011100111011110011011001001100110110110011110011111100000010101101010110111110101100111111111010110011110111011100011011110111001010111100110100100010011010]
[01000011001011111100111001111100010100110001101100100010110001001001011100001000101011101110010100010010010001101000001001110000101100100100110011010011101010001101001111000111100011001010110101011000100000011010111001010111011110111000110101110101100111100101100011101100110011101101011100000101000010001110001011101001111001100110001000010000001101001110000000110000001011000011111100000000000101011011001000110000011111101111111000000111011011011111110000011101101011111100001110100100001100000010100001110101]
[11100010010001100000000111010111111010101000100010011100101100001101100100010111110001000101011100111000101000110100010010010011111101010000001011101001010011101011000011101001111011110010110110011100000010101000101000001011100111100000101110000111001110001000101010001110011100101101111011111111111101000101111000010011100000011011101100010011001001011000101111101101100000011000010001000100001011111111111110011101000111000110001100000101000010011111011001010010011000000111001010010110000100011110110000011110]
[11110101101011111011010101000011011001110000010011010101010011101000110010011011011011011011010100011011000101001100010110010110010101010111110000000111100100111001011001011111001100110111101010111100001001100111000010111100001001110010011011001011001011011000011010000111001011100110001010001110010010110111101000111011101101011111101010111011010100101010010011010110100111110101110111011110011111010111000011111110101110000110111000011000111111001010001000011101110001000101110000000101011001001100001111000011]
[10110011111100111110001111011111101100010010011100011000101100110110000001110001011101001110000000001110001011111101010001000000111110011010001101110000100010011101001001011010000001001100110000001011100101101111000010011110000010100110110111100111100101101010010000010011101110111010001100010010000000010001010001010010100100000110110010010100111100101011101111010010000110100001101110011011101001001111100001101110000000100001000001100000101000010011001100111110110001101101010110100011011010110100110100000010]
[01111001111010001011111101001010010010011010100011001100001001110000110110010011000101101110000001111011101100011001011011111000110000101101011001011010111001000000000101011000000011000111001100111011100110010110110001010011111111010101011000011010001111000001011111100110111100001011001011000011100111100000110111100000000011011100010110011101110101110011111000110011010011000010110000011100011101000111001101110101011001100010010101101011010100111100110011001101110010110101100011011101101111010111001101001001]
[00011101101110111111001001110000111100101111101010000100110011000011010110100101000000111010000010101001100011001111100010010000010101101100110001000001001010101010110010110100110101110101000110110100111001010110011001110100110001011000010100100000001111011011100011010101110110001101001011011000111010010001011000100010010101100100011111011010110000010001000110000111000101111111000101011000100001111011111100011111100011001011011000110101110001000101111001000000101101111111010011111100100000001110011011010101]
[11111100110100010100111111011011101001100110011111011110000001001111111101110000110000000000010101111101110110100010001011000010000101110011001001011001110111101001111111001010001010111010000110100010001101011001111000000011111111001011100000001001100000111000001110000000001000000111000011010011100000111011100110100100100011100011010111001111000110111001111011111001101011001100101011100100001100101100100010001010000110010000000011010010001011100110101000100110100100011101100010110011101101010100010111000101]
[00001011110001111001011010111110100000001010011001100111001001000000110101011101101010110000011000101010010000111100001001010000101100100111110101101100111101011011111101111111001010100111010100111100000110000111110000101010100111011101111110100001101111010100101101001110110110000101111010101110100010100001001001111010101000000000010100000110011100011010110011010111010100001000101001011011010100111011001000011011011001111000010110011100010011011110000010011101111001001111011010100101010110011110011000000000]
[11000110010101000000000101010000010001111010011101110000100010111001110100101101010010111011010001001101100100111100010100101100100111000110000111001000011010101000000100111011110011101111101111011001011101001111100100000100111101011001000111101011110010000000000101011011000100010111111011000001110001100100100110101110001011011111001010111100100010110011000101101101100101110000000111010010110011011100111000101101100001110101001011100111011001101010100010111000001101110101010101011010011101100001010110110111]
[11111010100100110101110100010111111001001011100100110000011111010011111110101011011111101100001100100000011000110001010101010011111010111101110100000100100100010111100011001010100110011111011011010100000101111010011010001000110110000111001111111001010011000001100110010001010110110011111010100101010000100101000110111111101011000111000100100110010100111000000110011000000100000001001010000101001111101000111010101101111010110111011100110010101101010110100001001100000100110010110110100001101011111010000011001111]
[11110011100000111110101111011101011110110101101000111100111100111111010000111011001010010111011001101001101001110101100100100011100100001001101011010111100110110000011111101111111110111100110111101111001001100011011100000101110110111011100000001010111100100110011110011101101010100001101011110100101100011111000110111011000000011111001110110100001101001101001011110101010110010101011101111001001110111100110100110000001111111111110111000111010010100001100011011101111101111010000100101001101010000111101111000010]
[01100101100100010000101111001110111101001001110010111111110001011000100111011001100000110101001011001111101011011110110110010000100010011010000011100101011001001100001101001100110011111000011101110100010010110101100101010100111011101111010001010010011001111110011001110100100101110001010101101001100011111010001101111010000011001011011101110110010101011100010000011010110101111000101100110000000001011011010100000110110001111010100011010111010101110000111000100010001100110011100100011010110111001011100000001110]
[01111011010000111000000100110010110000000010110000000111110001011111100011111001110010100011001100010010110011100111101100000111001011011010011011000111011100111101100101011000010110111000001000000111000110101011110010011110000110000011111000100100000010100100011010001010000101010101001101001101001001111010000101101110000011100110001000001101110011111001100110001100010110110101000011100110001101110011000010011011110001010111010101000100101111110000101000001111010101011001011101000001000001111010110110111100]
[10000011000001110100011000001100110100001000101001111100001001011111111001010011101010001110010101101011001101110000111100001010011010011100101101001100011101101111101110010111010010000101000000000010001110001110110111100000000010101111011101110101010000001010000110111000110110111000111101111011000100111011100000000001110010010000001010011000100100101000000111000011101011000111011111100010001010101101110000111100111011011010011010110100100001111110101111001100011010101010001011001000111111111101110001110100]
[10011011111110101011111011101000110111010100100010000100111010100111001000101110011110010011110001111010100010010101000111010111101000110001000101100100110000011110000110111110001110011000000111101000100011101110001111100101011100111001110100111000000011010010101001000001110011111101111111100110011011111010000000100101010111101011110111101010100001101010111000111001100001101010011101010010101101010110000100111001000101011001011110000001010110001011110000110001000100000001011101100101000110111100100111010100]
[11000110101000001011011100100001111110000100010110110110011011100101101101110111110000100110010001101011111000000100100111000011111101100001100011011010001011111100101000100010011000111101101111000101000001001101010000010111100010110110100000001000111100101010001011101110110111111001111010101111000010010011100111111100000011101000100011001011110110111110001111000010000001110110101011011100101000101010110101110100100000000000011011000001101111011100110100000111010100001110011101001011001100001010001111110100]
[00111010000110101111111000011010111011000101010101110101010011011111101100001000000111100111110111110101100100101001000000110101100000010011101110011001010010011001101110100111010100011001011011011110100100000101011001010111001101111111011110000001010100001010001110010100001100111111110110100100000011011000100001010010010001001001110101000110000101100011000010001001110110111001011011110010001000011110000110100101101001010000111111100100000101001101001111010011111001110000011001111001001000011011000000010100]
[10111110101100001101011110101100110111010010001011011000010111101110101110110000011011100011001110001011000110000010111111011101001010101001010101100000011100010010101111100101000000011100110111001111100111010111010010100110101010101010000001001110011111010100010011000001100111000110010010001010000111000110110101111000100101100110101100101111001011001111100110000001010100100110111100000011101001101110011011010011100010110111010110110101001101111100101110001011000100100011111111001011101111010101001100011110]
[11010011111101100000110101100111101111011000010110000000100100110110101101010100111011101101111111111010000000110011010001110000111111000110000001110000010001101011010001000101011101111000110101000111100000001001111010101000100110000001101110110000110101100001111101110010101001010010000010011011101001100000100011110101110110110010011111010000101001101000110010100001110000100000110101111000000110011010000101100010100110010011100100100010111001111011001010000000111011100100110000000101011001001110100001101111]
[01010010010010000101110101100001100001110000000011000100100011110001000011100010010000000011110010011010101010100101111010101001110110001110101000010000001101101000001001111010001001000011000011011100111111100010100010010011111100000011100111011100100100110101100100000100101101101010101011100010100000000000010101001100010011100100100100000011000111010111100000011100100000001001001011000011110000011111011010011111010101111101011000100101101101100111110110101000110100001000011011011101010111010101100101001100]
[00001100010110011110101010010010000010011001100000010111010110001001101001000100001110000100110000000110100101001111011000110111101110101111011001001011011101111011111111010111011101011001001111111100010101101101001101011110001011010101111011000110010110100011111101101000100000101101101111001010101000001011010110000001000001011100100001011100100100001011000001001011111011110111010001010010000111111100111010001010100111011111010001010101100010001111110100100001011010100010011011000000100010000001110011001001]
[01111011110110010011010010001000000101011010001010001011000001001101100100001101110100111001011111011110010010101001001000011010110000100110001100110101010110000111111110110111011101001000100000111101111000001001000001001100101010111110111100010000110010001100010011110001111001111100000110100101100100001101111111011011111001001101000000111110110110000010100100111111101111000011000010000000010110011001011011100110110101110001110111000000011100010111101111100111111011000110000011110000011000100110101011100100]
[00011010000111100111001111111010001100001000110110011100000100001001010101101110101010101000011011000101010000001111101011110101000001000011010111100001100110110011100010100100101100010000010100110011011001100110110110110001111100101111111111010111010001010110110100100110011010011010101001001101001011111010111001011100010011001010111001111011110000100101111100101011010101101100011100000111000111101000110111001001101001101110111100011111010110100101110011001111001100000111011011111110100010011101100001101010]
[11010100101110101100010001101101111111010110000010000100000110110011000001010011100011110101111111000011010111110111110111001111000110100001000010000110010001001111011011000111000001111111000001010010011110101100001111011100000110000010001010000111000011110010010101000111001101010110011001101110010000010111000000110101001001011001111011111011111000110001001000110100100111010110010111111110011101000101100100100101000010100111111001110111100011010111111101010000000001001001110000111101111001010111000100110000]
[01111000101111010101001001101101010110000001101101010100101110001001010100100010001111100000110010000100110110011000101110101111001100001001010011111010111100010000111001010011110010111001011011001111101010001001010001010000011110110111010010000011101110001001000111010110001111100100010101001111111001000100110000011101010000001000111111010111100011111000111100001111111011001010110000100101010111001001000001110000111110101011000101100000010111011001110001000010001000110110011101101000111100100001101100000010]
[11100100010001011101110100001011101010110101101000101110110110110000110101101000010101100110101100100010000001110101010010100110010111101001000001001111111010010110101101101110100010001111100011110011101100110011010010100000101001011101000001001101011011110100101101011100110000101110010010000001011001011011000001000101001000010000100000001011000101001110110111110110001110100011010100100101110011101010100100100010011010001101100010101010011001010110101011101100111111100011100010011000101010011110001011100001]
[00010001110101010011111010110111111010100010100001010101011000011101011110011000111011101110101000010001101011100100101100111111001110101001000101100111101001110001011000000001110010001011011001101000110001101001111001001101011000010101110011111010110010101011000011100100011010010101011010111011010001010001101110100100000111101111010000100100010100011010001000000010111100011100010111000100101010000000101011010011110001111001100110111111110011011011100000101011110110000000010111011110011111101011010111100011]
[01110000100110001110000011001001000111100001000111010101011000011011011010110011100111011100101111111111010001011011001011111111111010111011011110111110010011100100000101010000111100110001010101000010001011000000000001100000001000001010111110101000111101011000011000111011110011000111100110011101011111101000001110001110010010000011010011110110010101111011111110100000111100101000010101101011001001110110101001011001001101101010111101111000111011010011110000111011000000011011111111011101010111001011011010110000]
[01000001100000010110110001010101001111110101000001100001101000111001101001110101100011101101000111011011111001001100100000011010011000100101101010010000000110001111101001011000000100101001010001110101110100011000101011110100110011100100010000011000101100110010001000100011000111010000101011001001011111010001001000000010001010101011011110100111011110000111001011011100100110001010000011100010101001111100010101110010101111110111011100110001011111101010101101001010100100101101000100111101100100010010001011010111]
[11010010111101010100100010001100110110100011111110000011011000011000001011010110100000000100010100010110001110001100100110110000110100000110101110001010010001110101110011101011010000111011101010000011100010101101111001010101000110100010101001110011011011000011001001000011101001111001001001100011010000111110110011001001111100011100100000111110110100001010001011000100101111100100010111000000100010111111011000001101110111010100100010100101000010011110111011110111111010110110010010111010110101111000100110100011]
[00111010010001000011011101110101011111000000101111101001010011010001010010101010010010110101100001111010000011000100010110010000100000110000110110110001000101100011100001011110100110100101111110001111000001001111000110100010100111000100111110011000101001001110001000101110110001001101000000011100001010101010111100000101100100000111111111111111001011010011010110000001111101100111101010011101000001100011001111010100100111001110110001111010100000010000110111111101001111010001011000001101100111000010001010011101]
[00111000101111111101111000100010100010011010111100110011101001010000100001011010101010011011101010001110010011001011011010000100101010100000000001111101000110001100100010101100100010100111101010101011001100101001010000000110101010011101000110010000100000100000011000011101110110000100110011101001111101110110101111001110001111110101111001001100000000101111110011010011000000111011111101000100010001010101001110110101010011100011001011111011011101100110101111100010000100110101110000110100000111110001110011111010]
[00010010001000000100000010101011001010100101110000100100000110110000001010101111001100101111110101101100011110101000001101110000101101000011000000100000000000101010110110101101100011100100011010110000111100101001001000000110111101111000110010110001000100100100010110100100110000010111101101011100101111111000001000010110100011101000000100000010011010110001001111100010011001011001111011001010111101010110010110100100101010001001010011110111101010000010101011111110111110011010011110011100010010010011101011011100]
[01000100111110110100001110000100100101001111011100100100111100000000110100111011101100101111111110111010110101001011001001110110110001111110011010010000011011000011111110101110100011010100111010111110011111011101100011010010110001111010001100101011001000110011000010110101000011101001011100011100010111100011101010100111011011111100000000011001010100010010100110011110000000001010011001101101110001110110101100101100011000011100000101111001010110110100011111000111010101000011011000110011101001110110110111100010]
[01001101000100011110111011000001000011111000111110001011101000010011110010010100000110000011010100011110010011011101111011110100101011100000011011000001011111100111100010010000110010000000011111100110001101000000111110101101100000000011001011101011000111100010110011101001110111101001011000010100001110101101101001110100101010111000111100110111001001111011010010101111100000011000000011111111110100100001110101101000100000000101011101010010100010011011011000101000000110100101101001111110101101011000110010101111]
[00100001001001001001001010110100001001001010100000000101110010011110111101100001100110001011010000101111100100111100100101000001000001101111001010001001001111110101010010011010001011110110001011110000011101101100011110111000011011111010011010100100011111101001111101110001111011100101101110101101001100101011110111101110100011110111001000111101001100001100101101001010011100100011001001111111011111101001101011110100100001101010010111001010001000010101000110101101011111000111100011100010101001101100101000000111]
[01000001000001000110100110001100110011001010110100111011111111000000101100100001010100100001001011011001011011110111001111110101001101010010001010100000100110001111110101011110001010100111011100000011101010101000001100011110111010101000000000000101000001000100010110101000100011101101011111011000101101110110100111101101100000011110101111110001110000101100011011011010011010001010111100100001010011110011011000010010011110011111010101101100111000101011101101100111001001111000101011110001111111010100110101101000]
[01101001010111001011010000001100010000111000010001001001110010111000010110111001010000000010000010010101101101000100000011010100001111011101110100101110011101011011000000110001001000011110000110011101111011010001011101101000010001111101110011110110111111110100100100001110101001110110100011110011001011110011101100010100010011100000011101100000010001110100011010110101100111001011000111010001110011101011001111101011100001101010111111100000101000000110111001111110001110001100101011100001011000100010010000000010]
[01001011001100010011010100110000010100011010010010101011111000000011001011001101001100011100100111100000000110001110101111111000101110100010011010101111101001111111000011000010110111010000001000000010011110101000101110000001111110011010001010011101111000111111001011100010100101100010100100110111000011001100001110011100010010011101101011110100110010111111010010001101100110100010110001001000001011110100000110100111011111010010010000101111010100001000101001101001111010100101110010101100010111111001111000100001]
[01101111011111001011101110100100100110100100101011001101111010001001010100011011001100010001010000000110100000110110010000100011011000101100111001101100101011100101101101011101001011101011101111011001010100001001001111100110011010110010101111101011011011011001100101111110010111100101000111101100101100001101010101001011110001010000001100101001100100011111111100101011110000101110111011111000110001100010101101101001000001100110010111000010010110101011000110001010111010011111011001011000110101000000101100011110]
[10010110001000101011111101001110100100011100011100101011101010000110001001011010010001111110000100010100010110011100100010101111010111100101100111100001011000011111110110111011000001111111000101001010000100101101000110111111101101001011101000110110000011101011011100111111001011010111100011010100010000111001000110010010111111110001100000100111100000101001010101100001110100000110100011111010011101111111010100000100000110110001000111111111011010101011011110111011101011100101000000011110010101000100101010011000]
[00111101110111101101001111100011110100101000101010001010101100010011010110000011000010010100111110111001000011111001010001101001101111100101101011101110001111101110111010011110111000100000100001100001011000100011101111001011000011110010111101111000010000100100101010001000001011010011011001010110111000000101000101001110010100001001010100110101001000101100001101000111110101010011110000101111011001000101011011000111011011000011011111111100101111011000101010011010110010101011110000110101001001101010000011011011]
