[100110111010011110111010111110101101010011010101111101100001001010010000011100010000100110011110111101010010001011000111110000100100001100000010101011001101001110110001101111010100101001011111100100000010000110000000000000011010000100101001101100010011111111100000]
[111111101111010001010100011100001010001100100000101011111011111001000000100001110011101100110001101111100010010001011100010000110110110100101000101011010110101100111110100011000100101100011010111110100000101000111010101000100001001100010000110111010001010101100010]
[001010111011111110111000111101000100111000100010011010010111010011000000111101101100001111000110011100111101000010110101100011001001100100100110000101011100110111110011101111000011001001110101011001111010001111111011101111011101111000000111101111101111110101011110]
[110100111001011101111001001101101110010100011010000011001100011001111001000101111111100100100010100100111100110011011000101000011110011100001011111001000100111101100111110001111001001111111110100010011011000001010100000010010110111110110001001010111101011010111000]
[011100111001011000011101001101010010011111110011000100101100000101101010000110101001110001111001010000111000101010100111101001110011100010000011101000100111101101001110001001000110100000010100100110101000010000010111000000000001001111101110000011111100111100000001]
[111000101110000010111101110010101011010010101001110010100101011010000001100010100110001111011111111011001101000100101101001100010000011011100000001101000100100010101100110100001000010001100111101101001011000100001011011001001010000101111010000101000001110100011001]
[110101000001011110110001101110001101011101011101010110010101110001100010111011010001110110011010110010111110111110000001000100110110110101000111011011111101110010101100001110100111110100000011100101000101011101010111100001101100110111101101011000001111000100001011]
[101101010100010101100100011100001010101010001010100000011100011010101111111001011110110101110101110001010100000110110010111011010001010011111000011111001000111111100010000110000100111110101010010111100111010011100110010011100000011111101000111111000100010101111001]
[000000010100000100000110101100110101011001100010110011000100100010101111110101110010111011110110011100000100101110101111101001101001111000010111001011010000101100110010011010100110100001101000110111000011001010100000000100000000010011010000011011010000111101010101]
[111000010011010100001000011010011101000101100110001111111100100011010101110000110001111111010011010100100101111101101100010110010111000111010001000110010100001101101001101111011101011100100111110011011101100100111100010100100110011011000000101111110010111111001100]
[011111011101001011111010010111111011101001110011001101001110001100011111001001010110010011101001001000100000100110000111010000011010110010110110001000000011000101011011011101111001101101110011010101011100101110000111101010110010001011011000001000000101111110101100]
[111000011000010010110100011001101100110011111101001111100000000110110000111001011111000101011100000110110111000010100010001110101110001100100011011101101001001111001110111110000001111111100010001000000001100001101110111100101000110001001001110000110011110001111100]
[110001111100011001110010001100101111001100100110101100100111000011011100010110010100100101001010101110011010000110010000101010110010110000000011010111011100110011010000010100000010100110010000110111101010100010010000100111111111111111110010101010011010001011010111]
[000111101000001101100110000110110101100101101100011000110011001001000000100000010000001000001100010000100111110111001110100000110110100111100000010000100101101110011010010011001011111001110111100100111011010011101000011011110011111110111011100110001101000101110110]
[111101110000111100100011100011100010010100111101011000101001011101111010000100010001011110010010100010110100111100100111011001010011000100011110110101011010100100100000111000100100011001000001111000011100011101001010101000100110010111010100101111110101101100000001]
[100101111100100011011111001111100001101111111110011000001110111101011111001011110100101111101101100011101010100100111000100110010111010111010011111100111110000100011101000110111010011000111000001100011101100100011010100000011101100001110111111101110111111110010010]
[011001111111010011010011111110110000001111010101000000010010101110110110110111001111010110010011110100100001010001001110001010001110000111000101000011111000100100110100100001110111111010011111011010001101111010011001001001100111101110001111110110000100100100010101]
[100111101100110110100000000011100000000011011101010000010000110100001110011100110011010110111100010011110111110011010001100001111000000010110110010000000101010111001101010011001000000010011000111011111100011111110011001011000110101111011100001101111010001111110010]
[000110101100111000000001011100100001001110011110000101000000110110011101011101001010110111101001111100010100111010101100010100010000010010000110000110011001010010101101010110111010010101011111011100101010011010001011101100010111111100110111011011000111011010010000]
[100111110101001011111001001011100110111101011001010000011100110001000001001111111100011000100000000010011101010011101010101111110011000000011000111001010111100101110111010011000110011100110000000101001011000001001101000001001110110010111011100001011001011101100011]
[011011111110110100001000111110111001000100101101100100111000001001101000101110101100001000010010000101111011001101111110010011110001101110110100111001111110001110100110011000110100010100011101001111101101001110100010111101110110101101111001101100101011001100001100]
[001001110111100001011011110110000000110110100000000111110111100011100011001000110001001010000001001101000111101011100010011101101000100100111110100100000001010101101100110000100110101001101100000110100101100010111001001100110101100110111010101110010111101011001110]
[111001110100011000011011001000110101100100111000101111110010000101001011111000011110100011101101111100000110111111110100011000000110111100100000110111010111111101000111001111010001110111001011011000010010001011111110100001011101100011100111101011100001001101001010]
[001010111010111000101100101111101110001001100111010101111111110010000101100011010010000101001111100110101110110000000100100001010100100010110010110110100010111001011110101100100010001100111110111110000111100000011101011001110100110011010110011110100110000001010000]
[011100110001100101100110000110000001011001111010011111101100000010001101100000110100100000010110001001101001110010010001001110111011101111000101110011011101000000011001010100011011000101101100101000101010101111010101011110010101000110010100000111001101010101001100]
[010101101010010000111010111101011001110001111101001001000110110001000101111010101010001100110011001000001000000111001010001100100011111100111011100010100001100001011010100001101001100000010000101011001011010111000000101010010111010101100110001011011010000110110001]
[000010010100111110000100100101100101001110101111100000001101101100111110000100010111101010111010100100101011110010010011010100110010101001010100110001110111101111010111001100011001111101001111101001111110010010000111100110000001111011111101110001100011101011100010]
[011011010011101001110001011001111100110000111101111011000101110010011001011110010110101010010011110001110001110101010001111110111001110100001001000100100100111110111111100110010001100011000110001111000100101111001001010101101101101100001001101100001100111010100110]
[101011010101010011000101010111001111100001110000011001000101111111101010000101111011110000000000111111100000101010111000010101101100001011010111100101110011100010101100101011110011110101111010011110010001000111011001010010111000010100101000000010011110001111101110]
[010101000111111100111101011000001111111001010101110110010111110110010101010000111000111011010101010110101011111111111111001110000001100111001111101000001100011001101110101000000101010100010001101111011101100110000010001100110001001000000100001101101010110100011110]
[010110111010110000011111110110100010110000110011010001111110100101000111000010100110010000101100100100101101011100100010000011110000101101111011001111111111011011111010001001110000100111000011110110010110101110100111111011111011110000111111001010101000011000100101]
[110100111110101100110011011000011111011101001100001000010110000001100101000111111110000010111000000111111001000101000010011101011000011000010010110101001101111111001101111000110111010101010011111110110100111111110101110001001101100011001100110110100000010111000010]
[010010011110001101010111011111111101000011101111100111000101101101010010001010111110000001111000100010100010001110101000011110101011010101000100111001001100001010111010110101010101110111011100101100011011101111111111001011101101000111000011000101101110100101101101]
[010100010110011010000111110110011011101001100110110010111101100000011111100001101010001000111111010100111110001110100011100011000001011011000001111000010111101000011000010010111001011110100111101010110111100100000000010011001100011010110001001100110001001011101010]
[011100101111000010111101001000110110110110100010010100010100101010000110100001000000000101010001110100000011010001101101101110001101011110100111011111101010001100100011111000011110010000101111001001001010001001110001110100110111011100101110101110010011000111111110]
[010100100010110011001001000111000111100011001001100010010100001000010100001000011111110010011010011000101110110010010111011000100010101101011111101011110010011000100100100011110111011101001011001100101100110001101100000011100110010101110000100101011100011101011110]
[111111000100001100110000011101010001101111111001010011101100001010100110110111000011011010010110011101101101101111110101010001111000111110011100011011111011110000110101011001100001010001000000100101000100100010111011000101001001011101101011011100001101010011110011]
[110011110010101010101000010000100101110100111001001010100000101101010001100001101000111101011011111100111110100110101110101110011001101111101110010011100010010000011111001100011010101110110101111011101010101101111111100101001110101011110001010110011000011010011111]
[111001101011010111101110010001011111110001100111001100011010001110110100001100101010101010010100001100110100110001111001011010100101111010010011110100010011000001100110100100111011010100110011101011110010011100001111111001011100011010100011100001000100111000010000]
[010001101010110000010010011000111110011101101010101001010100011000110110011110101010111010111111011111101001011011010111011110011011100110011101111001110010000101111001110101101100001011011100111111010011101110011001010010011111000101011100110001110001100111101110]
[011110001101001110100000011111001001111001100001110001001101011110100101011101001010101011001001100111100111111101000000001101111100100000011000001110111110010101011101101111001011110001111101011101001110110111100101011000101111001111100110111101101001000101111011]
[000011100010110001100100000001100100010100000000111111000100110000101000000101110011010000010001100110100001001011001000110101100101101110011000111000010011110111011110101111100111110111001101110000001100011100101110100101000001011010100101000011000010111101110011]
[011111100111000111111100111101110100111010100011101101010101000000010011001101010000010101001010101011000000110101101010110111010101000110101010011011000001010111000000111100001001010111010100000001100001101010110101010011010011001010011110110000001110011101010100]
[010110100110101110011101000011111110011101101010111001011001101111011110010000110110001101110110100001000111011110100001001101100011111101010001001111101111000111011000111111100101110100000100001011011101010100101101010000100101001001000110010101111010001110000000]
[000111010000001110001001000100101011101000100111100001111001101111011100000110100001000000111100001010100011111100001110000100111101110110110101011101001000100111000000010111011001010001110111011110110010100100111000111110001100100111111010001111111010000111111111]
[111011010111011111011011000010001010101011010010000010001101110100011010010100010110100101011111101000101110111110100001100001001001101001010000100100111100111101001001000101010101101010011000110111100111110101000100000000101010100111100101010010101110100000011000]
[001010100001010101001111111101111000011101110010110010101010101100011010111010110001101011101101111010011011010000000111001111011011001101110110001111010110000001000010110001111111010001000101100110100101010110110000100000001101000101000010110111100000110011001100]
[010100000000110010101010111101001111000100110110110011101000011101001101110000011111000110001001010100110010001101000011000000111110001110011111000010110000011100101100101101011001011001000101111000001001100110011101100110100011000001110001101101010111001100101101]
[000101101101000001110010101011111010101010110011100110110110001010001110100000111110100101011100100110111010001000111100100100111010111111111100000100000001001001101111001101110101110100011000100111111110011001000011010000010010011110000100101111001100111110110010]
[101010001111110101011101000111001111011110001110011000001000001110000111100111000101011001001110001010100111101001100000001110011110100100001100000101001011101000100110000011111101110010000111100001001110101101111100011110100000000010111000010010010101011101010011]
[010000111011100100101110111010011000101100101010111101100111110010100110101010000010111001000110111110010001001001011100111100010010011110100000010110010010011010100000110001100110011011110010000100100101000011000101111001101000001111011100110010011100100011111111]
[101110000010010111010001100010101111000100001101110001101010011011101101010011111101010100100101111100110000110100011110000010100100010001000000001101000110100000011000000011011101011001000010100011010010010110001000111010010010111100000110111100001001100110100100]
[111011100110000110001100010000100101001000110010100110100111101011011100111000110011110100001011111111011000001110110111011111000010111001001110000110100011010011010111010000110001000111101111111110001110110111111110001001100001101000110100000000111011001001110110]
[111110001100000001101110100100011010000010111010110100001010010000100010101110111011100111110010011101110111010101100010011100110101010101100100001110110100000001111110011011101001011100111101111100000000100100000001110111001011001110010110000010100110011100110110]
[000100010100100011111001100000000000001001100011000100111010101011000001010111111100000010001110100000001111111110111011001110100101010011010101111101101011101111000111011100101001011110110001000011010001110101010100111001111101101011111011000101101001100001110010]
[000110110101010100001101011001001001011110110000011001001011101100010010111011010000111010101000000001001010100101001001100000101100011000100100011111110011111100010001101100011110000101100001010110101110110100100000111100110100001010011011000101000111110100111011]
[001110101111001010011011100111000110100010011101011111100100111111000111000001001101111100100010100101001010101000100000001000111110111001101010111011010110001111000100111110010101100101100001110001010011011000110100010010101001010010110000011010001010101111000100]
[100001011001000001011000001110010001011100010011110101001000011001111101100001011000000101010011110101011110000111000010011000100010110100111101101011011101001110110010101101000110000101111110101011111101101101011001011111011101001110101010110000000011110010011000]
[010000011011101000000111101111000100001001101100110011101110100011000100001000101011010110010101010110100111011110110000100001111011101000011001010001110010001000110000001110011001110001011110011001101000110011011011111001000100111011000110101000011010000011000010]
[110111011101010110001001110011100010001111001100000010011001000000101101011110000000001011111100100101100011101100011101010010110011011100011100011000010001011100111010111111000100010000111111011110111111001101101101010011001011101011010010011001001011111101100011]
[011110011010100001000000111011001000110010101111011001100010111110001000110100011101110110101000111001010101001010101001111100110001110101110001011100010010001111111011101011100110101100001111000100110101101001110110011011110101000001111111101100110110111100001011]
[101100110111100101100010111000111100000001001001011100100101100001010100011001000101111000001010110101001100011110111010110110110110110111011111101011000010001100110110000010101010001111010111101000001110101011011001101011010010101100110001000000000110100101110011]
[010100100111011001001010011111011001101000011001101101101110001000101011000101110010111101011100011000111011011010010111000010110100100110001100010000101011000111100100111001111000011000010101001011000111010011010110001011011011101001110110010010000000110100110011]
[010110100101110000011001001010001000101110110100011000011100111111001001111001011111100001011010111000100100000000010101101000010100000110100001001110011001100110011110111111101110111110100111111000001100101001110110100111001101111111000010111001100101100101111111]
[000101010010011000011110111011011011000010100100100000011000110101001000011100011010111110000110000001001100001011101000101111001000001111101010101000100011011101011010001110000001001001011010001101111100001001100110110001000001011010011110001011101101110111011111]
[000111101001111100111000101011111101001010101101110100100101011100011111101111100010110010011110110110100100000110000001001100001010111011111101100001101001110111011101101000000111001010000011011110011000111111101101101110000001001001101100010101100100110110011111]
[000001001111111010101110000100110101011011100010100011010111010011011000000011001101111011111100100001011010111101111101011111001101101011001110010010100011011111010100100001100111010011100010001010100000110001011100000111110001110001000101011011100010001010111000]
[000011100111100011110101110000000110011000110011001000110110110101111011011000100101000101100111100011111100010001101100101001100011010110010111110111100000111010001101001010001011001111011000001011010001011001001010110100110010010110000001111011100010100111101010]
[000101110000101111001001010111001011010010100010001000011100001011010111000000011111100100100111000110110110110001001101001000111001010011000011001111010010101010001011101111010001100110110001001011010000100111101100111101000000000100100001111111010100100001100110]
[000110110001010001010011000011101100111111010100101100001000111101010000100011010011010101101001101101100010101111010100110110111010110101111101111101000110110110110111100110011100100111010111010111110010001010000001001100101001100101110101111001001100000011101010]
[110101101000111101010101100000101010011111110100101000110100001010000111001100100011100101010001101101011011100111110011000101101110110001010011001001010111110100100100110011010110011111101100001110101110000001101101011101000000111111001001111011111111111101101110]
[011011000000110110111010100011110000011110111111110110101110101101100000110100100010010101110101111111100100100001110011101010111000100011001101010010011101101011100100011110110110110100111000100000100101010111011101110111111010110001010111011101001010011011010110]
[011100110000101110010010101010100001111100111000010110001011110110100110101001010011100011010101100101010000111000101001110100100010001100011000010100011011001100001010011010100011000111000010101100111101001111110101100010100101011010011001000110100000100000111011]
[001010010000010111000110111100001000011110010011110000001011011010111011110111001000010101110111001010010011110001100001011111000111110000111111001100011101111001000111000010101101110100010111001110000100000100011011111001010111001100110111100001010001010000001111]
[101000110011010111111110110001001000010011100000111111111110010110011101001011011100011101100011100011111000110000011100111101010110010100101100011101100110111001001011011000110101111001101111000110110000000000000011110111100010100010100100011110000010011010000110]
[101010011010111111111111001111011111101110111101010101101111000110011010111011011001111011001110110010101100101111000011101100101000001111011101110011111110001101001000000000111000001010001001001111000111000000111111000000011111001011001010011001111100100010010000]
[110001010100101010001111101001110110011011110000010101000000111000011110001110110010001110101000100011000000010001100001011001100100100111011110000110001101101101001100111010111000101110011000101010110010110000110000111110000000111011100100000011101011100011110100]
[111111001001101001001011111101011101001000001101101001000010100000101100011000110101110111010100110011101100000101000010100111000110100010101000011111101000001011011010001011010100000101110000011110001001101110011000101000010111100100110010110011000111100101010110]
[100101110011001111100001011011010011011101011110101110111101010100101000111010110101000010011100001001011101110001010100111111001010011000110000101100000000001000111001101101111111000100100110000111000011001101011000000011010110011110000000000101111111011011010010]
[000001010110101000111111101100101001011001101000111010101110010000000111011100111111101011010011101111001111100001000001100101101100101110111000001000001001011011001001110101000001101000100000001110000001110111001101010101000000000000000101100001101000111010010010]
[110010101111001000001001011100100100000100010101001101001001111100101111110001100011010110111101110100101000011101110110010111001001001001100110111111010000011001000101101110010010001000110111100110110001001101011110111010001010001011110000100010111011000111100111]
[110101010100110011011011000110111000010101111001111010100011111010010111011011100001110010110100110001111011011010111010100011001000110111101101110100100110101101011101011010100011100100001001101100011100110110111011010010011100001001010100101100100111011010011100]
[000110001110010110101001011111001110001100101101010101001111101011010000011110000101000010011111000010101100010101101011011100000101010000000011111010010001010110100101011101001110101101101110011101101011100100010110100111111001100110111011110100101101011001100101]
[011101010101011001011011000101011100001110100100011101010111111100100011001110010110110101011011010101000000101010000111100101000011110000110100110011010011110100101000000110101101100000011110000111010010010011000011100010110101100001000011100111001000100111000101]
[010001000000010000011101100001110110111010111101010100100010101111111000101000100101010011100100011011001101111010100001000001000100010111011110110100001001011111011011100001110000011011001101110101100011110001001100001111111110100101001111011110011010010000010111]
[111100011000001001000010011011001110100101001100110101100100110000100000111101001010000000000000111000011101111111110001111110110011110010100110011011111101001010100011101010100110001000010001011001111110011010001110101000000001011010101011010100101000110001001110]
[101010010111111110101011001001000100001100100011000000111001100101011111010000010110101001000101010011010101111100111100101011100100111101011110100001100001100001111100001110111001110000110010101011010001101110000101010111000110110010111100100110101000000001000001]
[000101101110100100001111110110100111111101001010100001010100001100010000010010110111111001010000010101010000101011110110100100011101001111001000100100110110111001110101010001110000110101110011001100111000000011110100100100000000001110011010011101111110001111111111]
[100001111111010111101101000001011100110001000010100000111111010111010001101010111111010101001110100101111011110011100111111011011101001000101000110000010100000111100010001001001001100010101111110001000011001001001110100001001000010010001100011001010110001101000001]
[001111101100001101101011010000111001001111110100111100111010001110000010100111111101100001111011000011111110010001110010001110101111100100011001110110010100110001010110010001000000111000010010100110110110011100110111010000111011010001010101101010101110000110011100]
[101001101101101110011001000011001100101111111111010111111000010110011101110010100001110000110110010001100100001010100101100001111110110100101001010101001011010000010101000100100100101001010000010110111011101100100011001110001111111010101010110110001111011110011000]
[101000010011100101110001011111110100111001000000011011111100110000010001001101101001111110000010001010100010010001100011110001111101001001101101110001011001001000101000100000011100010011100111101110110100111000101101010101011111101100100010000100110010111011101010]
[001000101111101010101001011000111110111101101011011101001011000010010001011110100000111010001001010001011010101110000110011001011010101001010001001010110011000011101010101111100111110011001011110000010010111000100001111110000011110000000110011010010001010110011010]
[001100110011100001001111010000000101011001011011000101001110000001011010000001100111010001111111101111001110111110100010100011010111011110010011101100001000011101001000001101010010100100111110111001100100100101000010100011111010100011000000011001111000111001110111]
[011110110100000001000110001111000001001001000100101010010110110000111011100000011011110100110010011111100001010000001111110111001101100010001100010011110111000100010100100001000011110010010100101000100000101111110111101011011101111111001110110110101000010001001101]
[011011011000110101100110001111011111100110110110101100111101001000001100101100101001000011011111100011110111001011101011001010101010110111000011010110011100010011010001111000101100101011110011111110011111001001011010001100110000010011110010110010011110001011111001]
[000100101001111110010001111101111110001100001110001000000101111110000001011100101110101011111011111101100110010010101010101010100100000011100000110000100000001111001101110100000001010110000101100110000011110110110010010110100010101010110100110111111001010111111011]
[100001100100001111000101011010100000100100111111001100110010010001111100110100001010000001100001100000001010001010110000110000100111001110110101001111101100001000011011010101110000000100111001100000001000101100100011010001000001101010111110111111011001100010010101]
[001001111110100000010001111001100010000010011100011000110101000001110111011000110111000111000011110110111000001010111010000100111111101001100001010001100111110110111100011111111110111100000010001100101101111110100010001011100101010001010110001111010010010101011000]
[010001000110011011000010100010011011001011101000100111111111100101010110010000100000000100011101100100000101011011110000110100010001101000010011001111110010101110001011001001101101010001110000111000011011101101000111110011100100110101111010110101010000001110111010]
[011101000111011110110001100111111001001010111110010011000110010100000011010100111000001111000110000010100001111101100100010011110111111001010111111010001000010011110101100101101101110011111010110100000011101110010000100111000001111000101010001111111111111000000000]
[011010101100110101001011110000010011000111001100110010111111111110110111010110111000101011110011000111000110110111000111101000001001001111010111011110001000100100111100101101010011110001110110010011101010100111101000101110011110001111001110000001110101001110000001]
[101001101011111011011111010110001000011101100000010110001100100111110110111110111000000101010000100010100101110111010010011101011100111101011001000010001100011001010111010110001011011011000110101101001000011100001001010101000110110100000001110010010111110111101011]
[001101000111111100110111100001000000101011011011011100110010111101010001011000101010000101101101111101011110110111010011011011011000000110000011010011011101010001000010011111000100100000111101001101010101011110001110001110101000001000101011000101011110001010111001]
[100001010010000011101111110010110111011001001111100010110111000010011011001101111111110001000001011010101000111011001111111110101101101001000100000000100111000110010000000011011100000001000111011111111001101011001110100111000011001010000000000011010010110011111111]
[001001101010100000111001111000011100111111111100110001010110010011110010110010110011011111110100100001111011010001100101101101101101000101000001000010101101100011010100001111011100100010111011011001000001010001110011011001010101010100001000000001001101000100001011]
[101011110100001100101110001010101111000001100011011010111000001101111111010111010001000110000011101000011001001111110110111001100001001010001010000000101000111111110111110010111100010111001011111111010110100010101011011110101011000000101000111101011010110011001000]
[100011101101010111010111000111100000111101000001101011010001100000010100010010110011011001111111101101101001000100000101100010111111101011010111101010101101000100110001111100010000000111000010100001101111001011001101100101111100011100110010111101000101111100011111]
[011000101111011001001000100110110011110000001001101111001001010111101000111101110110001000101100101010011011111011000111111010000010000000011100001101001111101010000011001100010100011100011100001010100011010110010001101100101000011000010000110000001001110111001111]
[111000010110010000111000101000110000110000111100011011011000010001110011010001110000000011111010010001000100100110011011110100101011001110101000011111010111001001110011001100001001101010110001010000011100011001110111111001111001110010111010111011011011011001111010]
[100100100111111111111010101000110010000000010110101011010100010110101011111111111110000101010011011111010001010001001111011110010010001101001101000101100011111110001101001110100100000100000100100101111110101100001111001001110110001011100001001010000110011010010010]
[011110100011000010111011111101001111100111000110111000111010100011000000011101111110110100100110011000100000110010101100111111111010000010000011011011101100111010101011101101000000111100111001101101100010100010001111110011001011111100111010000011000101011101100110]
[100100001000010001100000001011010101101101010000100101011000001010011110000110000100010000010100011011111001000111010010001011001010011101111010101011001101011001110110111111110001001100000001100111011110110000110101110010000110010010100110110010001100011100110110]
[000101100010110111111111000010100111001001110111011111011011000100001011110011111111011100011001001101011100001110100011000000001000110011010010001010101100011011011000001100111101111011010110000111010110011010100000100001001111001001111110110110010110010100100110]
[000110011101010111100011110101010000101101110100110011011101111001011001110000010101111000010010111001100010000011111010100100011010110110010011001110110111101011110010100000010000011010010000010000100000101111111110010001011011111010001110111000110111000100110010]
[111110000001111101100100000111110101011000011100001110111000010111001111010101111010100001101110100111111101111110100100101000111001000110010010010101010011011101110011110110000001101110011011010111100110100101000101001000110111000000110111101000101101011110001100]
[110001011110101110011001111100100011111000100010010000110101101011010000010011010100001010000001000101001010000011000010011101100010010011001011010101111111111001001011010100011100010011110001110100010010111101110100111000000011011010111010101110011101111011100010]
[101001000000101110011110000110001000001101101101110010111111111001011010101101010001001011101101110011110001001111111100101110010101100111101100000110000101011101101101101111100011011110110101000110000110111011110100110111010010111000011101101000011110001010000111]
[110010100010111110100111000001100010111001000100001000101011111000011111100111010111010001111000000011001101100001101111011000101001111110111101100101000111011000000001010011010101100100101010110110011110100001011100111011100000011010011100100011010010001011110110]
[010011000000011010110110110011011111010100000001010010111110110000110000100110100001101110111110000000101111011011000111000000101001000010001111111100111001010110111010100001110110111011110101010001101000110011011111100000101101100111100010000011000101000101110010]
[000100110010011000010100001011110010111101000101110111010110011000010101110100101100001100001110010000101111100101000100011010111010010000000000000001001101100110100101001101111000010000110101110101000000110001000111110101111010111010011111011100011000101000111111]
[000110001011101111000010110110111010101110110010010101100111000001011011110111101101101101010001010100110001100010101011000100011011001101010100111001010110101111110101000001111011010111111100001001101100001000001011010111001011101001111010111101010111101100100110]
[010100011111100100010111111011011111000100110000000111010111011000001101100001010011010101100111000111010011100110000100001000110000110100111000001101110000000011000110111011000011111110011010000010111111001111101010100111001010010000011000000100100000100001101001]
[011011101000110011000101001001110010110000111101000100111111111101010001100110100111010001000001011000100101001100111101100001100110011011111010100111101011010010011010011101110000000001101001000110111000101110010010111010101101100000110000000110001011001111000001]
[001001110110001011000010011000111101100101000000001100010110100001100011110011111010110011010100010000111111110000101010000000110100100100001111000100111000010011100010100101001011100100011011100010011101101011110110100011111011101000001001110010010011100011101011]
[001111001100111100110001011000001110110111001010101100010011001010110001101011111010001111001111001100100101001101010100010100011101101111101010011100100111101001100001000010010000110110101000001100100011110100100011000110000001001010001001111111101001001101100110]
[011110010011111101001011101010101010000100110111100101101011010001010000111110100000000011110001100011111100111101000010000101010001101101011101000110000000111110001110010101100111011101010100111101010110111100110011110101000010101001001101111011101000100110010001]
[011100010110001010100000111011100001100111100000010101101111111110010110111010100010011001101011100110001100001000001110101110000100010111111100011100111010000111100101010111110101111011100011010101101100100010100110110001001101110000011011011110110110111100001110]
[011100101100111100111101010001000001001111001010100010011110000000100111001000000000000100010010100101110100001111011101101011000010110111000110000001100011111101110101100000110100101101110001000110000111111110010000001101001101111101010111000100111101000111101111]
[111110000110010011111101111111101011001001110011111100011001101101001001010110110010101001101011101111100011000110010100010111001100000011110011100000010101000001101100010011011110001011010010111000001111101000101111111000110110100010010011000100111111011000101100]
[111010001100011110111000001001001011011000100111100100010010001011000000100110110001010110010100000101010001010000000110011001010000000011111111101101100001110010111100010011111110110100110101100101011110100001000001111001011011101000011011101100110011001100011010]
[100110111110111010110111011010110110100001001011101010110001011111111100000010000011011010000011001010001101100111010001011001110000111000101000100010001011101111100011101100111100100100000001011111011110110101001100001000110100000110110100111110000001100000100100]
[110110000001011100011011000111111100101010101111111010110001110000100010100101000001110100010100100001111110001011000000000010000001010000101100101100101010100010010010000100011100010100001011110110110111110110111010111010011001111100100011100010100010110011101010]
[010000111111010110010001110011101110010110011000011001111100001110001100000110000011010010111101110110111100101000011110100111111100101011110010110010110101100101111011001000011010100001100000100000011001110011010100100000011111110001011010010101111010100011010001]
[000100010101100000100011011111000110100110001110000110011100111011110010001011000100001110110000011100101110110101110000111000011100001001110011101101101100100110011111000000110000010001011010011000011110110011100011001000101100001110001111100111010110000110100011]
[010100001101101101001111110110101111001101100100000011110011111011101110101001110000111100101100010000101010001110001000101100101101110000010101000101110011100111111001100101001011000011000110011111001100000101011010110111010010100001000010011000110000001010011110]
[100000001000101111100010001100010010000110101111101101001111010010011111110001100100111101110110010110000010100100001101100000011001010101000111110100000100011100000110010011111111101000100110011011010011111011010100110101111110001111010010101001011110111001100000]
[001101101011101101110100101011101001101100000100101010001110000011101001101111100011000010001010100110001101110101011110111110100011000010001110011011100011011001000010110111111111101100101111000001011000010011000110111101010000010010010110100110110000101011000101]
[100000010010111101000100001001101111100000111111110000001111011011001001010010100110001011011111000000110001010001111011000001010100000111101001001101000110101111001011111000000001000011111101001010100111001001011100000100001101010111111011011110111010011010101001]
[010010010111110010000001111101010001011000000010010010000111000100011011010111000100000101101110001011010011111001011001110101011111111111111100100010010001111000011010000110101001110111010101011101011110111010000101000100111100101100110000101010110110001110000100]
[110010001001101100100111010110011001010000001110011011101011100111101111011101000110100001011000000011000111101000100100101101011010101011000100111010010101011111001000001111111010000001110110001111101010010101101010000110110111101010111100000011101001110000011011]
[010111000011111100000100010101000010000010101110000001100011100010100011100111101110000001100000010010010011100000111110001111100001010110100011101001000100111011111100100010111101001001001101110100101011101010011110001011000100110010101111110101001100111100110011]
[101000000010010011101101010011011111001101100000000010001100001110011110011001110110111111011100100100011010101110011000100101110011100010100110000110101000010101111100110100000111100110001000010010111101100110001100011010010111101000000111111010111001011011010101]
[110000111110000111001001110110001100100100000011101011011010010110001110000000001111000101100101000011001101110010001101111011000111011010101010100110111101001111001110100111000001011100011001111001110001101001100111101110110000000010101100101110101100010000100110]
[111011010111111000011111101010000100110011010011110101011001111000100100001110001010111101001001101000000100101011000101100110101000111001001101010110011101111110100111000010101010111010111111110101011000000001110101000100101011000111010111011011011001010111001100]
[110110100000000101011111101110011001010100010000111010010101111111110110000100000101100001111100000110101100011110011101000001011010101011000110001101000000111111000100101110011100010111001000100110000010101101011000001110110101100001000101000101001011101110000101]
[111110101100011000000001001000111000100010000001110010000100110111011101000000001100010000100010101101101110100011110111011011111101010111110011010111001100010000111110101100101001011101001010101001001100000101001010001101101100101111000011010110001101011001011110]
[101011001011100101001101100111011010111111010000011110100101100100010001000000111001010000100001111011001001000101001110110111111101010111110011000101000001110001011000001001101011010111011001001001111100000110100110111111110011101100110101000000100000001101110010]
[101010111110001011111011101000000000001111110000010100111010101010000000011000000101000111011111001010111000010010001111100111010001001010100101010110111110011110010011011110001001000000101001100011010110101110001110011100011001110000011000001110000010011110010001]
[000100011101110001000010101101111000111110110111000010001110101110011001000111001101000110000001001000000000010001010100100110000101001111001011101101100110111101111011011000000111001111011111110001111010000101111011110100111111101111011000011010000011100110100010]
[010101001110010100011111111110000010011011110011100010001010110010100110111001111001000010000111100011110110110100001101100000011001010101110110110100101000000010000000110110001000110111010100101101110111000010110111111100000000110010111111111110001000100000110110]
[001010001000001110000110101110001000011000000111000101001111100000111000100101101101100110011110000010000110010001111100111001101011011100000101010011000011011110001011110001110110011001010011111010110101101101000100111100011011000010101010100100001110001111111100]
[010110110001001001000101001001010111000111101111111010110000000110001110100111011101110010001100101111001100001110110100111111011010110000111110110111101111111111100111001000001111101001100110000011110110101110000010011110101011010110001001010111100000011111000010]
[001000101010000000001111100010000110100000101001000101111110010010110110010011100000010110111010111110101100011110011101000001011010101011000110110110011110000111100100001010101011101000000100100100100110111000100011111000000101000100101011000101001100011111010001]
[011001110111111001111100101000011001000010101011100100110110011101011101011011100000101000011110001001100000011110100000110011000011100101001000000011100010001101011111100011011100100101111001001001001011100010011010110111111011100111110011100010111011000111100110]
[111101110011000010100000011110100011111100100001001100000100010000001110010100100101100110011001000001011011000111111101000011011011011011101110000001110100111101110111001101011010011000011010100101000100110101110101111001010100101111001011111110100011001110100111]
[000001101001100010000110110100001101001110001011110100100011101110100110110111111010010011100011111000011110001010111101011010000100100100011011011010000110011000001000010001100011111001000001001110000000010010011111101110110110000100011101000010100011001010011101]
[000110010111100100110101101000110111110111001000110000001111000111101110001111010010111011010100000101000100101101111111110111010000100001110101101001110100100010010111110010100000011101000011110101101101010001101010001010001010100010000111011011010111010111100110]
[000000000100111000011001100110100111001111011110011110011101100011000001001010110010011000111010000000110001000001000110110011001101001011100000000110000000100110101101001100011010000010000000010100100010010001011111001011001110001110000111011010100100011010110100]
[010001001011000001001111100010011010001111100101101011011001110100100001011010100100101010001010110110100011001111001110011111100000111101100110111010100010100101101000001010111000010101010111100100000001111100011001010010101010100001111011111001101111100100000100]
[101111001111010001110110001100100110101000111101100100110001101101011010100110110011000110110110010001011110000010001110000110111111000010010011100001011010100001101100000101101011000001110101111011000110011110001000011000101100110101100000011100111010100010110110]
[110110110001010011100111101110011111010001100111101010101101111000010101010110111101011100100110001110101001000110000001111010110000000111101011010010100000011001100111001101101101100101010010000010001010010100111001000101010101001101000101000110101101100000110011]
[101010000011011001011100110000111100000100111110110111100010001011001011000101110111001001101110011100101010000010110011110100100110001100011101010100100000111001110111111101100000001010110011101101111101001001100100110001101100010100000010000100011000011000010011]
[010001000001010001010101010111110111001011010011111000110010100110011010000101010101010100001110111001110101100001101011001000001010010001001011011110011010111000111010000101100110010111110100110011011011011101110000011100001110110100010101111110110111011101101010]
[100000010110100001000110101010010001000110110111010101110000010111101100011110111101100111110110110110011100110011011111000100010011000100111101101010010111110101011011001010100111000101100010010011101100111010101001110010100111000111010100010110100011010000000110]
[111101101101001111010010000001001010001100000010010001001100001011101111010110111010011010000100111101111010111111011000001111101111111000011110001001011000010110100001111001110001011111100001011110001111111101010101010110101000001101100100101000111010101101000001]
[001111100111110101011111110111000001110011011101000101011100101111101100111111001111011000100001011110011100101111011001101110000001110000101000110111101111011010011100101100100001100100110101100010011100011011111111011001000000111000110101111001000100000011001000]
[000111101101110100100100111010110010001101110110010000001110100111100101100100100100111100011000010010011000000100011100001000101001001001100101100111011010000010000111111000011010100111001000101001011101001000001100101011100111110100110001010010010111000010010000]
[010100110011101110011011110000001111001110110111001011010100110001000111110110001111110111001101100001110100010010110010010101001000000100101011101010010111110101011011011110000101010100001101011001010101100001110010111110100010010000001011110111000110110001100100]
[101000011001000010011010101000001110001110111001010100111110011010100111000010111111011001010110011001100001111100101101001000000100111111100011011011111000001110011100111111010101101000010111111010100111000001111010000110001001010001001000111000101110111010101110]
[110000000100010000011101101011000001101010111001000001010010110110100100100001100000101011100111101000000100101000011110100111111100111100100011100011001111100011111100000001001000101001010011000011010010110110000101010011001101011010010000110001101100110100011001]
[101101000000100001000100110111011101000111111110001100100100111010110101101101110101111000110101010000011110000101011101000011011011011011101110000001110111010111111011100011110010011000100010110110000100011111101111010111101111000001010011110100101011001000011011]
[101001100011110011110100011010010001110011101000001001010001101011010001100111100110100000001001101100110101100111010001011001110010001001110011100111011010000010001110111110011001001110111101110100111000001010100000110111101101011110111000110000100010100010001110]
[000101101000100000111111110101110101001001101011010010100000101001000010010100001011111011011011001000011011010001111010100000111010001101011000001101001101110111010101111111011111000010010010100011000001001010100010011001101101001110101101100010101001010111100110]
[100111110101110111011000110100001101011001010100110100100101010001101000000000000010001000111010001000001111010001010011011110111010010110100000001100111010100000101111011100011001100110110100000000001101100001110100001010000011110101010101110101111010010001000111]
[001111001110111100100000001111101100011000101011001101100000010111111011110000000101101110000111100101100101010110000001111010110000000111101011010010100000011000111011011110001101000100111100000110100011011000111000111001011111011000111101101010101010010101110001]
[011000100010011100101000010110000111011000011000001011010110011100100001100110001111101101010011111100110101101000110001000000101101110110000110111100100010001100010010100100111111001001001010000001010011010110001000100101001111010011111111110010111101010011110110]
[100011111001101010011100010110100001100011101110111001111111101100000111010010101100110000001010011010100111111001100100000111000110110001111011101110000010010100101001111010000011000011000011001101011000010101010111010111111101010110111101110110100010110110011011]
[110001001000100010110011101100101111101101111101111001111110001111101000000010110110000111101100001111010011110111010000111000011100000001000101011001101101001110110110011010111010111110000110010000011011110111101001010100100111110100110100000011011100101110001001]
[010101100000101001011101011011110110101010100100100111100111111101101000110010011100000011100010010110010011101110110111000010100010101000000110001110101111100000000101011110011000111011101111111011000110011000100000001101111111101111110110110111111111101111100000]
[110110000100011110011101000000111101100101010100110110011000010000000001011010110100100100000110010010010111010100100110000010001111011110000000110010001101101100010111111010001111101011010100001111010110100011100011011101101111101110001000110000000100001101010010]
[001100010111110010001111001100111000100011101010000011000101001101111001010100011001100111001010111111111001110100001010011000100110001100011101010100100000111001100011100100010101000001000100001010110001001101011110011110001000100010001101101011000011111001100011]
[110011100110011011000110010001011101111100011010010110110101011110001001110111011110010000010001101101010000100001101101010001011011000000010110000000000000000000000000000000000000001000001101110101011001100100000001010110110000011111101100110011101110000100110010]
[001110110110110101000110110110100110111001010110111011111000010010110010101000011111011111001100010010111100111011111000010100110001110111000011100101001111000010100100111110101011110000010110111101000100010011110001001110001100010001001111101011101110011000010011]
[010011110111100111101100110010110000110110001011011001010010100010110100111011010101110010110100111111001001011000100001001001110011100010100011010001000010001111101011111110101011110001010000010001101011100001000101110000010100001010110110111000011100000011100001]
[110001000111110100110000111111011111100101110100010110001100001100010000000001100100111101111100100100011111111100100110011100001011100001000011000001010111010001111100101101110001101011100101111001101110100110001010001110010010110100110001001110011011010010000110]
[101011110011000001011110000000011111010100100111011110001101010000011101000101001000111111101001001101000001101110010101101000101101101101011110010101110111101000011111001001100100111101000000011011111101111010100011110101000100010111010011001001101111111011110001]
[101110000100110011100011001100010010111000111000110101011010000010100001010100111100000011110011011110100011010000010011110100100110001100011101010100100000111001100011100100010101010010100101001000100101011000111001101001011110110000000011010111010101000101101011]
[011101111011101010101100000001001101010010011110001110100001101110001001010111100111010101110011001001010001001100000000110011000011100101001000000011100010010111010000100000110001101101001011010001111101001000100000010001100110110001101111001010000101110001110000]
[000101011111100101101101000011001001001011011110100100110001111011101010011001101110111111111011100010111000011110110100111111011010110000111110110111101111011010011111100000110001101101101010001001011110000101000010010000101111111110110110001100111001010111001100]
[111110110111010111100101100111000001111101100110011001011010110101110101100100011101010100001101110011100010100000110010100011010001010001111101110110111000001011100011001101000000000000000010010010100100101011011000010001001111101000010111011111101001001010110010]
[111100110001001111010110000001100110011100011111010100111100001001110011000010110010111001001101100011011101011011010011110110100111111100110101100011001111100011111100000100100100111111010001100100110110101111000100010000100100010100110110111010000000110111010111]
[100111000010110001001110000000011001011111111010001000101110000101000011111110110101001100110110101001000101000010100000000000000000000000000000000000000000000000000000000000000000000000000000000000101000101000010100111011111100111101110111000000101111000001000010]
[011101010011001001100100011111100000100100100110011011111011011100011100101010001001011000110111010100100000011001110011110110100111111100110101100011001111100011111100000100100100111111011000000100111100111001000011011011010110110111000100000110001101000110011111]
[110010000110101000100000100001100100011011110000001001011001011110100000111101101011111011101010011101111001001100001000011001111100110011011111001101011001000000011000111001111110111111010000000110100101100110000101101011001111010111111001110001010000001001000101]
[110110011110110000001100110111010101101010111101010001011101001010001111000110010010111100110111101010011110110011010110001111000010011010011100011010011011101110101011111101011010000000000000001001111100101111111011100101001111100001000111101110010001100000011100]
[000101001100000110011111001001011000001100001001110010000000111011000011001000010100010110010101000110110011110010000110101111001000000100001011000010110101000110101100001101000000000000000000000001000010010111110110111010000111101111101101110011100011110101111110]
[000110010010100110011111001110011101010001000111110010011111111011100110100100010011110110011100101010001110001111110111101011110110100010110100111011100001001011111011110100111110111111010000010101100111001101111001101110101010000111111010100111001010101000011101]
[111101011110111111111011000110111000101000111010001101101010110100000110001100000100101010010101101001001011101111001010011010100111111100110101100011001111100011111100000100100100111111010000010111100101001001101101000000011111000110000110101001111011010110011111]
[000010100111111111010111000110101100000110101110101001010111000010111100000101100000101110111001011100001101011000100011010110101101100010100010111011100001001011111011110100111110111111010000010111111100111101000011111010101010001010111010101010000110010000010101]
[110001111010010110011011010101001010000111110111100111011000110000001010010110000111111001101001111101000011110111010110111000000011001101001010010110011010101100011010001001000100011100000000100000000011100010011010100101000000001101100001110110110000101100101110]
[010100100010011101100110111111100010001111101100000011101000110101001000011111001111111010111100100100100001101110000001100100110100111000101000100001111010100101010000001001100100111111010000010111110000100000100100000110110110110011111000010000101110110001010001]
[101101111100001101000110110011111011100110000011010000101111001111101111100101010111000110011101010001110100010000000000000000000000000000000000000000000000000000000000000000000000000000000000000000000010101000101101110111110110111001001101101100101011011010101100]
[101100100000001110010011010001110000011000101101011110000011101000011110000111111111101101011000010110101110001001010111011100110111110101100010110111100000001001001010000000100000100011010000010111111000100110011010100110000111100011110100000110001011011010001011]
[100101100111001111010101110110111011111000000110000001100010001010000101111110011101000101000111001110011110110011010110001111000010011010011100011010011011101110101011111101011010000000000000000000000001101111011110101001100010001010110100000011111000101100111100]
[000001101110000000110011111101100000011011011111111000100111011000011110101011011011001101001101111100010110010110000100011101010001011110000001011000101110101000000111110000011010000000000000000000000000101001010101111010011110110011000101111011010001011100010010]
[011010001001000010111011000100001010011101000001100111101100000001001011010000000101101011000000011110011001101110000001100100110100111000101000100001111010100101010000001001100100111111010000010111111100100011110001100110011000000010110010011010001010001100110111]
[001010010111011010100100000101100010101000010110111100111101110110001000010010010000110100010010000101001001101101110001000100111110100110111111111001010100001101010111111001111110111111010000010111111100100111100000111010101001111101110111001010101011000110111111]
[101001010100000100001001001110111000111001010010100111111111100001000100010011100101110001001010111110111111000110011011011010011010111011011011110101000101011010010100111100111001011011011000000000000000000010111011110101110101010001101001110101010100111101011110]
[101000010000111011110101101000110000010101100111011000000000000001011000010100000000110001010001101011010100101111110001110111111100010000111000011010001011111011011001001100000011111000001000010111111100100010100001101001100111010100000101000010100011101000011011]
[000101111111100110110110001001011111001001001100000100101100011111101110011000011000000111101000000011001110010110100100101110010011101000000110111011110001011110001001000101100111000111011000000000000000000000111010011111111011101111110011000011011011100111011110]
[010101000111110101111001110110011000101011000110000101011101101100011100100010010111011001101101111000010001010000011111000111001011100101011010101101101011110010010011001100100011011011011000000000000000000000010001100011110100000101100100110111100111001100101110]
[100011111111100001110110000001100000111101010101010000011011001011110101001100001101100000000110010100001010000001101011001101010001110010011010100001101010110000100010111000111101000111011000000000000000000000001111111101011010110101111111110001010010110100100110]
[011100111101011000011011100101010111011111111011111001110001001010101011001111010011101010011111010101001111011100011000001100110111011001111001001110100100010001101111001000000111100100001000010111111100101011110010000010011000111110111001101010010010101000000111]
[011100000101011001001011101011010000110101100011111000000111010111101000101011110100100000001101101001110100010000000000000000000000000000000000000000000000000000000000000000000000000000000000000000000000000000000000001111001000010001000101111000100101101110111000]
[100011001100110100011010100100101000101001101100110110101001000010010010100011111100100110000011011101000111000100000100101110010011101000000110111011110001011110001001000101100111000111011000000000000000000000000100000111010010001110111001101001000101001001111000]
[001010110111010111001101101100010010111111001000110000000101110000101011111101100111110011001110111001001101000111111111000001111011110110110011100100001011001101011101000101000111100100001000010111111100100011110000100011010110001011001101111100100000111011101001]
[101000010000101101011111001010000010010010100000111011001011110010011011101101011000111100000111000100101100110010111101000010010011101000000110111011110001011110001001000101100111000111011000000000000000000000000010000010000001100111101110110000000100000000010010]
[101001100110010000101011011111001100111001000010100111111011101111111000000010001111111000101101110111010100110110101101100100101001100101111000101010111111001001000000111100011001111000001000010111111100100011110000001000001111111111110010100101100001111001001111]
[111110011010001110110100111100111100010010001011011001101000100101001100110110011100100111000010111111110011110100000110101011001011100101011010101101101011110010010011001100100011011011011000000000000000000000000000000111100010000101011110111001000110010001011110]
[011100010100010101101110100010111011011111011110101001111100111011101111100101101100010011101110010101111111100010000110101111001000000100001011000010110101000110101100001101000000000000000000000000000000000000000000000001100010111011011100000000110000100111100100]
[000010110101111011101101010000100110110011011101011010000100111110101101011000001001101000111010011010100100001100100011100001101100110101110100110111100000001001001010000000100000100011010000010111111100100011110000011000010101101110000100101010111001111001010101]
[111011010100011011111001011100000010000111101010001000011100011001111010001110000110110100001100100011101111100101100110101001111000010111100010001011010101111001100010000100100100111111010000010111111100100011110000011000001110001101101011111011000100001100101101]
[010110000101110110101001010001100001111111111101101011011100000011011001111000001111010000100011010100111111100100000110101011001011100101011010101101101011110010010011001100100011011011011000000000000000000000000000000010100001110010001110100010001001110111011000]
[000001110011001110011001111000001101010000001111110001001110111111100110011010100010101010000010110000011011101001101111010101111110000100100111000010110101000110101100001101000000000000000000000000000000000000000000000000100111000100110010001001000100000001001000]
[100110000101100000110000101011101110011010011010011111011001000001100001010101010001111000100001100110000100101011000100011010011100000100000101000101100001111101111111111101111010100011010000010111111100100011110000011000000100000000011001100101110000110100100011]
[011100101100111101011011010110111111101110111011010100011111011101101010010100100110000010010000100011110100110110000010000001011011101100001101111001000100011000100101001000100111000111011000000000000000000000000000000000000001000011110111000000001000011000001010]
[111010011010001001111111100110111011100011010010000000111101111001000100001001100001010011000011001010101000000110101010011001101001000111100000010001011110000010111011001000100111000111011000000000000000000000000000000000000100010101110100110001100110000101100110]
[000110011010010101011010000111011011000011011011111011100001111010011101110001101110000011100000011110010111100010101100110010100010100010111010111100110101110000101000000100000100011100000000000000000000000000000000000000000000011011100010110100001100101100111010]
[111101011100010100011000110010111001111001001011101010001010100011011110010001110110110110100100010111000100010111001111100011000010011010011100011010011011101110101011111101011010000000000000000000000000000000000000000000000010000110000000100100011100100111111110]
[110101110111011001010110100110001011110100010001010001100000001100111000001000010110010011111000010111000100010111001111100011000010011010011100011010011011101110101011111101011010000000000000000000000000000000000000000000000000001110011000011001011110111011101100]
[000000101101110110000010000010001101111001110111110000010001100001011010100010101111001110110100100001010011010010101011001111100010000000100010000111010100111011010011110000111010100011010000010111111100100011110000011000000100100101000011110000001101101001101011]
[100111001010111110111011111100011010111111001111110000110001110110101001001010001110011100110101111100111100110110000111111001000011000011001001010100111111111111000100110101011101100100001000010111111100100011110000011000000100100110010001010101001100000000001011]
[111100001001011101101010110111011001101011100111111001101111110010010100101111010000001011110000010101101101010100111000100001011110011110011001011111111010010011010100000000100000100011010000010111111100100011110000011000000100100100000100100000101101011011001011]
[001000101110111011100110111010000110110000110111111101101101110000110000111111011010000011111111000001100110000001110110010000010100100010010110111100110101110000101000000100000100011100000000000000000000000000000000000000000000000000100101011001011100101100100010]
[110111100100000110100110110000100011001000000001111010100101000010100001001110100001000011101010000110101010101011111101101101001001011101011110001100010001010111000011000101000111100100001000010111111100100011110000011000000100100101001100100011110010111111101111]
[100111110011100101000011010000000010010010010110001010010010001111001100101100110001110101010010100110001011011000111111101010100010100010111010111100110101110000101000000100000100011100000000000000000000000000000000000000000000000000011011100100100111101111111100]
[001101110100101101000110011100010110011111010010011101111010100000101010101101001000101110011000001001100100110001100010000111101011111111100100110000100100100111101011000001000011111000001000010111111100100011110000011000000100100001001001101010010000000011111111]
[010111001100101000000011110100101001010010001110100010011001111111001011111010010101011011011011101011111000100001001000011010000001011001010101001110100100010001101111001000000111100100001000010111111100100011110000011000000100100101001010010110111100111101101001]
[000001000100010101001101010110100110000011001100010111100001101011000101011010001111100010110110101100111110011011010000001101100011011001110111001001110000101010111100111000111101000111011000000000000000000000000000000000000000000000000000111011011100011110110010]
[111010100001000011101111001110101000101111001010101110011110110111010011011111110010101100100000000110011101101111111100111011000010011010011100011010011011101110101011111101011010000000000000000000000000000000000000000000000000000000000001011000001010111010101100]
[010110110100111001100000011100100110100011101110101011101011101111010010100011110001110011010010110010011111010011010011101000001100001101010010010001001110010111001001111001111110111111010000010111111100100011110000011000000100100101001010001100010111100101001111]
[101110100001011111111111100010010100111111000111010101110110001000110001111011111101101101110101001110000011001110001000101110001110110101010110110000110100110010011001110000011010000000000000000000000000000000000000000000000000000000000010000101100111110000101000]
[010100000000110011100010100011100100001100110010101010100001111111101001101101010000001011010111011010100010011010000010110111100111110010110110100001101010110000100010111000111101000111011000000000000000000000000000000000000000000000000000000001000001011000110010]
[011111111011001110110001111011001111000010010110101010100011111010110011000011011000010110000000101101111000001011110001011111101011111111100100110000100100100111101011000001000011111000001000010111111100100011110000011000000100100101001010000011101011100010111101]
[010011001011111000101001010001000100110100111100000011001100100010011000001101001001010101101100010010111011111001110010001000111011010100101011011111101010000110100110110001111001011011011000000000000000000000000000000000000000000000000000000110001001011101010010]
[111000001001110001100011000100011110101101110111010110111101000101001011100101000100110111000010001001011011111110010111110110010011101000000110111011110001011110001001000101100111000111011000000000000000000000000000000000000000000000000000000000110111100100001100]
[101001101110010110110001100111001111011011010000011011010111000000111011110100010101101110101011011111100101111001001110000111110110100010110100111011100001001011111011110100111110111111010000010111111100100011110000011000000100100101001010000011110101101011101001]
[101110111010111111011011000010011100111001110011000010100100001000000110110110101010101100001010001001000100011010111110111000101010000100101001000101100001111101111111111101111010100011010000010111111100100011110000011000000100100101001010000001111001101111010111]
[111100001110000111001111000101000010011010101111010011000101101111000000001110101110101001100001010011011010111010000000110010111111111111101010110111110000011100111000110001111001011011011000000000000000000000000000000000000000000000000000000000000001111101010000]
[000110000010011110010000100110011000001000111100010010000110110111111100010110101100000001010011011100010100100000011111011000011101011101010000001011000101101100010000110101111101000111011000000000000000000000000000000000000000000000000000000000000011101000100000]
[101111110111010011110100000010011010110001101010110100000100011101010110011100001011001110001100001010101100001011101100000010101110101111101000101101111011100111100001111101111010100011010000010111111100100011110000011000000100100101001010000011111101111100100111]
[100000100010010111101100110011111111010111000110001111111000001001001010111101001010011011010100110000011011101001101111010101111110000100100111000010110101000110101100001101000000000000000000000000000000000000000000000000000000000000000000000000000000110011100110]
[000100000000110101110011100110000101010001011100110111000101100011101000100000110110110100010001111110001101010011011101011111110110100010110100111011100001001011111011110100111110111111010000010111111100100011110000011000000100100101001010000011111001010000011011]
[101100111110101110000101001011101111010110100110011001100001111101011010111010010011010011011110010000101011011001011010010000001001111111000110110111110000011100111000110001111001011011011000000000000000000000000000000000000000000000000000000000000000001100111100]
[101110000111010110010100000001100001101100010100101101001000011001010000010010100110110010101101010100011111001111011010010100001010011110010111011000101110101000000111110000011010000000000000000000000000000000000000000000000000000000000000000000000000000110100110]
[001001101110001010110011010100100001110010100011001111001000100001110110101011111101010011010001001111001001100010010000111101101111010100100101011000111110111101110101000001000011111000001000010111111100100011110000011000000100100101001010000011111001000110111111]
[010101010100111111010100100111111100011011111001110000100110011101111101110101010000011011100110001000011100000000011000100101011101111111001000110000100100100111101011000001000011111000001000010111111100100011110000011000000100100101001010000011111001000101111111]
[110110111101000001010001010011001100010101001001110010101010000101101011101101001100000011000010101110100110110000001100110010100010100010111010111100110101110000101000000100000100011100000000000000000000000000000000000000000000000000000000000000000000000001111000]
[001000100100110100000001001010111110101110001011001011110001111000000101001110011000010001000010000000101000100000101000011000110010101011101101101000011010011010011110000000000000000000000000000000000000000000000000000000000000000000000000000000000000000000010110]
[010001001100011010010010110000000010010110010000101110110110100010101110111010011000110011000001101010011100000001010010111010000100101011000001101000011010011010011110000000000000000000000000000000000000000000000000000000000000000000000000000000000000000000101010]
[011100101110110010101010010011111101010110010010101110000101011000111100110011011001101100101101001010101111000100101110110011111001001110110111000101110001101000001101001100100011011011011000000000000000000000000000000000000000000000000000000000000000000000001000]
[100110000010001000001001010000111000000011101000101000100000100000011011101111100010101111001100000110011110011010110101110111001000000100001011000010110101000110101100001101000000000000000000000000000000000000000000000000000000000000000000000000000000000000000010]
[100010010010111011111010000101111010101110001111110111100010110000011010110100110001011010011110001001110111101001110010001000111011010100101011011111101010000110100110110001111001011011011000000000000000000000000000000000000000000000000000000000000000000000000100]
